playerId,player,team,position,age,exp,bye,points,lower,upper,sdPts,positionRank,dropoff,tier,ptSpread,overallECR,positionECR,sdRank,risk,sleeper,salary
100027,Steelers,PIT,DST,NA,NA,9,14.4,14.4,14.4,NA,1,0.95,1,0,NA,2.5,2.6,3.97956909,NA,NA
2495469,Dion Lewis,NE,RB,27,6,9,14.31,14.31,14.31,NA,1,0.48,1,0,NA,5.1,2.3,2.355438702,NA,NA
100030,Seahawks,SEA,DST,NA,NA,6,14.1,14.1,14.1,NA,2,1.3,1,0,NA,5.3,2.4,3.595406865,NA,NA
2555224,Ezekiel Elliott,DAL,RB,22,1,6,13.92,13.92,13.92,NA,2,0.22,1,0,NA,5.7,4.3,3.61343702,NA,NA
2552469,Melvin Gordon,LAC,RB,24,2,9,13.74,13.74,13.74,NA,3,0.095,0,0,NA,15.7,8,5.940733906,NA,NA
2495466,Mark Ingram,NO,RB,28,6,5,13.66,13.66,13.66,NA,4,0.035,0,0,NA,3.5,2.7,2.607038366,NA,NA
2555230,Kenyan Drake,MIA,RB,NA,1,1,13.63,13.63,13.63,NA,5,0.245,0,0,NA,5.8,1.9,2.103839039,NA,NA
2558019,Alvin Kamara,NO,RB,21,0,5,13.62,13.62,13.62,NA,6,0.55,0,0,NA,2,1.5,1.852239375,NA,NA
79607,LeSean McCoy,BUF,RB,29,8,6,13.15,13.15,13.15,NA,7,0.23,0,0,NA,3,1.4,1.789339459,NA,NA
2543743,Carlos Hyde,SF,RB,26,3,11,12.99,12.99,12.99,NA,8,0.345,0,0,NA,11.8,2.3,2.355438702,NA,NA
2540154,Keenan Allen,LAC,WR,25,4,9,12.88,12.88,12.88,NA,1,2.045,1,0,NA,1.7,0.9,1.708967851,NA,NA
2557973,Leonard Fournette,JAC,RB,21,0,8,12.85,12.85,12.85,NA,9,0.805,0,0,NA,28.8,9.8,7.072932392,NA,NA
100014,Colts,IND,DST,NA,NA,11,12.8,12.8,12.8,NA,3,0.15,0,0,NA,19.1,4.9,8.397434678,NA,NA
100021,Patriots,NE,DST,NA,NA,9,12.8,12.8,12.8,NA,4,0.5,0,0,NA,5.5,2.8,4.363731315,NA,NA
100022,Saints,NO,DST,NA,NA,5,12.5,12.5,12.5,NA,5,0.4,0,0,NA,11.4,3,4.74789354,NA,NA
2543583,Devonta Freeman,ATL,RB,25,3,5,12.44,12.44,12.44,NA,10,1.16,0,0,NA,8.8,2.5,2.481238534,NA,NA
100020,Vikings,MIN,DST,NA,NA,9,12.1,12.1,12.1,NA,6,0.05,0,0,NA,3.3,1.9,2.635001302,NA,NA
100032,Redskins,WAS,DST,NA,NA,5,12.1,12.1,12.1,NA,6,0.15,0,0,NA,8.4,2.2,3.21124464,NA,NA
100002,Ravens,BAL,DST,NA,NA,10,12,12,12,NA,8,0.2,0,0,NA,3,1.6,2.058757964,NA,NA
100003,Bills,BUF,DST,NA,NA,6,11.9,11.9,11.9,NA,9,0.35,0,0,NA,12.5,3,4.74789354,NA,NA
497240,Rob Gronkowski,NE,TE,28,7,9,11.79,11.79,11.79,NA,1,4.175,1,0,NA,1.1,0.2,2.170737122,NA,NA
100010,Lions,DET,DST,NA,NA,7,11.7,11.7,11.7,NA,10,0.35,0,0,NA,9.9,2.7,4.171650202,NA,NA
2556075,Derrick Henry,TEN,RB,23,1,8,11.65,11.65,11.65,NA,11,1.165,0,0,NA,8.7,3.1,2.858638029,NA,NA
100028,Chargers,LAC,DST,NA,NA,9,11.4,11.4,11.4,NA,11,0.55,0,0,NA,4.8,2.4,3.595406865,NA,NA
100025,Eagles,PHI,DST,NA,NA,10,11.3,11.3,11.3,NA,12,1.05,0,0,NA,15.8,3.1,4.939974652,NA,NA
2495454,Julio Jones,ATL,WR,28,6,5,11.29,11.29,11.29,NA,2,1.035,1,0,NA,1.7,0.9,1.708967851,NA,NA
2540269,C.J. Anderson,DEN,RB,26,4,5,10.91,10.91,10.91,NA,12,0.91,0,0,NA,11,2.5,2.481238534,NA,NA
100009,Broncos,DEN,DST,NA,NA,5,10.4,10.4,10.4,NA,13,0.45,0,0,NA,9.2,2.6,3.97956909,NA,NA
2556370,Michael Thomas,NO,WR,23,1,5,10.38,10.38,10.38,NA,3,0.28,1,0,NA,3.1,1.3,1.859421598,NA,NA
2558149,JuJu Smith-Schuster,PIT,WR,21,0,9,10.13,10.13,10.13,NA,4,0.215,1,0,NA,18,10.2,5.207017465,NA,NA
100008,Cowboys,DAL,DST,NA,NA,6,10.1,10.1,10.1,NA,14,0.45,0,0,NA,18.8,3.7,6.092461328,NA,NA
2543468,Mike Evans,TB,WR,24,3,1,10.07,10.07,10.07,NA,5,0.465,0,0,NA,7.8,3.4,2.649303769,NA,NA
2553439,Mike Davis,SEA,RB,24,2,6,10.06,10.06,10.06,NA,13,0.135,0,0,NA,26.8,7.2,5.43753458,NA,NA
2495328,Bilal Powell,NYJ,RB,29,6,11,9.94,9.94,9.94,NA,14,0.06,0,0,NA,23.1,4.7,3.865036683,NA,NA
2553660,Akeem Hunt,KC,RB,24,2,10,9.91,9.91,9.91,NA,15,0.2,0,0,NA,45.6,16.7,11.41302659,NA,NA
2533034,Lamar Miller,HOU,RB,26,5,7,9.85,9.85,9.85,NA,16,0.31,0,0,NA,21.9,4,3.424737272,NA,NA
100019,Dolphins,MIA,DST,NA,NA,1,9.8,9.8,9.8,NA,15,0.8,0,0,NA,24.5,3.7,6.092461328,NA,NA
2555346,Will Fuller,HOU,WR,23,1,7,9.76,9.76,9.76,NA,6,0.425,0,0,NA,38.6,8.8,4.680429351,NA,NA
2555430,Alex Collins,BAL,RB,23,1,10,9.57,9.57,9.57,NA,17,0.115,0,0,NA,8.8,2.9,2.732838197,NA,NA
2557997,Christian McCaffrey,CAR,RB,21,0,11,9.51,9.51,9.51,NA,18,0.13,0,0,NA,14,3.6,3.173137608,NA,NA
100015,Jaguars,JAC,DST,NA,NA,8,9.5,9.5,9.5,NA,16,1.2,0,0,NA,8,3.8,6.28454244,NA,NA
2543498,Brandin Cooks,NE,WR,24,3,9,9.45,9.45,9.45,NA,7,0.3,0,0,NA,9,3.4,2.649303769,NA,NA
2506404,Frank Gore,IND,RB,34,12,11,9.4,9.4,9.4,NA,19,0.115,0,0,NA,18.7,4.5,3.739236851,NA,NA
2540020,Theo Riddick,DET,RB,26,4,7,9.36,9.36,9.36,NA,20,0.215,0,0,NA,32.2,4.8,3.927936599,NA,NA
497328,Demaryius Thomas,DEN,WR,30,7,5,9.22,9.22,9.22,NA,8,0.14,0,0,NA,17.2,2.6,2.348396275,NA,NA
2558204,Jamaal Williams,GB,RB,NA,0,8,9.21,9.21,9.21,NA,21,0.145,0,0,NA,13.3,3.9,3.361837356,NA,NA
2495663,Marshawn Lynch,OAK,RB,31,10,10,9.08,9.08,9.08,NA,22,0.03,0,0,NA,15.8,3.2,2.921537945,NA,NA
2532884,Marvin Jones,DET,WR,27,5,7,9.08,9.08,9.08,NA,9,0.16,0,0,NA,7.1,3,2.498850022,NA,NA
2556462,Robby Anderson,NYJ,WR,24,1,11,9.08,9.08,9.08,NA,9,0.34,0,0,NA,24.8,5.4,3.401572503,NA,NA
2541161,Latavius Murray,MIN,RB,27,4,9,9.05,9.05,9.05,NA,23,0.08,0,0,NA,14.8,3.1,2.858638029,NA,NA
2558138,Samaje Perine,WAS,RB,22,0,5,9.05,9.05,9.05,NA,23,0.18,0,0,NA,27.6,6.9,5.248834832,NA,NA
2552461,Duke Johnson,CLE,RB,24,2,9,8.89,8.89,8.89,NA,25,0.1,0,0,NA,32.4,4.9,3.990836515,NA,NA
2552453,Tevin Coleman,ATL,RB,24,2,5,8.85,8.85,8.85,NA,26,0.575,0,0,NA,31.3,3.6,3.173137608,NA,NA
2495450,A.J. Green,CIN,WR,29,6,6,8.76,8.76,8.76,NA,11,0.095,0,0,NA,6.1,3.3,2.611690332,NA,NA
2555418,Jordan Howard,CHI,RB,23,1,9,8.73,8.73,8.73,NA,27,0.985,0,0,NA,17.5,3.5,3.110237693,NA,NA
497326,Golden Tate,DET,WR,29,7,7,8.72,8.72,8.72,NA,12,0.125,0,0,NA,14.5,3.8,2.799757516,NA,NA
2530747,Doug Baldwin,SEA,WR,29,6,6,8.61,8.61,8.61,NA,13,0.045,0,0,NA,8.3,3.2,2.574076895,NA,NA
2552458,Devin Funchess,CAR,WR,23,2,11,8.58,8.58,8.58,NA,14,0.195,0,0,NA,18.8,4.5,3.063051573,NA,NA
2495448,Randall Cobb,GB,WR,27,6,8,8.55,8.55,8.55,NA,15,0.365,0,0,NA,35.5,6.8,3.928160617,NA,NA
100016,Chiefs,KC,DST,NA,NA,10,8.5,8.5,8.5,NA,17,0.6,0,0,NA,13.2,3.4,5.51621799,NA,NA
2552608,Stefon Diggs,MIN,WR,24,2,9,8.22,8.22,8.22,NA,16,0.155,0,0,NA,16.7,4.9,3.213505319,NA,NA
2532865,T.Y. Hilton,IND,WR,28,5,11,8.15,8.15,8.15,NA,17,0.215,0,0,NA,10.8,3.4,2.649303769,NA,NA
100026,Cardinals,ARI,DST,NA,NA,8,8.1,8.1,8.1,NA,18,0.45,0,0,NA,18,3.3,5.324136877,NA,NA
2537931,Josh Gordon,CLE,WR,26,5,9,7.98,7.98,7.98,NA,18,0.19,0,0,NA,20.9,5.4,3.401572503,NA,NA
497278,Dez Bryant,DAL,WR,29,7,6,7.89,7.89,7.89,NA,19,0.21,0,0,NA,23.2,5.8,3.55202625,NA,NA
2550189,Isaiah Crowell,CLE,RB,24,3,9,7.82,7.82,7.82,NA,28,0.165,0,0,NA,26.4,4.1,3.487637188,NA,NA
100004,Panthers,CAR,DST,NA,NA,11,7.7,7.7,7.7,NA,19,0.2,0,0,NA,13.9,4.6,7.82119134,NA,NA
2555343,Josh Doctson,WAS,WR,NA,1,5,7.69,7.69,7.69,NA,20,0.025,0,0,NA,28.7,4.7,3.138278446,NA,NA
2532887,Jermaine Kearse,NYJ,WR,27,5,11,7.67,7.67,7.67,NA,21,0.02,0,0,NA,47.7,4.4,3.025438136,NA,NA
2555223,Devontae Booker,DEN,RB,25,1,5,7.67,7.67,7.67,NA,29,0.075,0,0,NA,45.5,5.2,4.179536262,NA,NA
2539964,Marquise Goodwin,SF,WR,27,4,11,7.66,7.66,7.66,NA,22,0.025,0,0,NA,12.9,3.9,2.837370952,NA,NA
2541785,Adam Thielen,MIN,WR,27,3,9,7.64,7.64,7.64,NA,23,0.04,0,0,NA,7.9,5.7,3.514412813,NA,NA
2552382,Malcolm Brown,LAR,RB,24,2,8,7.64,7.64,7.64,NA,30,0.14,0,0,NA,25,8.5,6.255233486,NA,NA
2543488,Jarvis Landry,MIA,WR,25,3,1,7.63,7.63,7.63,NA,24,0.065,0,0,NA,13.3,3.8,2.799757516,NA,NA
2495700,Greg Olsen,CAR,TE,32,10,11,7.62,7.62,7.62,NA,2,0.32,1,0,NA,2.9,1.3,2.694830394,NA,NA
2540232,Jack Doyle,IND,TE,27,4,11,7.61,7.61,7.61,NA,3,0.66,1,0,NA,6.7,2,3.028344295,NA,NA
100011,Packers,GB,DST,NA,NA,8,7.6,7.6,7.6,NA,20,0.4,0,0,NA,27.1,2.6,3.97956909,NA,NA
2556592,Roger Lewis,NYG,WR,24,1,8,7.57,7.57,7.57,NA,25,0.055,0,0,NA,45.2,11.6,5.733605578,NA,NA
71269,Michael Crabtree,OAK,WR,30,8,10,7.56,7.56,7.56,NA,26,0.21,0,0,NA,24.9,11.1,5.545538395,NA,NA
2550738,Fitzgerald Toussaint,PIT,RB,27,3,9,7.55,7.55,7.55,NA,31,0.205,0,0,NA,56.4,9.6,6.94713256,NA,NA
2543572,Martavis Bryant,PIT,WR,26,3,9,7.47,7.47,7.47,NA,27,0.27,0,0,NA,28.3,11.1,5.545538395,NA,NA
2558123,Marlon Mack,IND,RB,NA,0,11,7.45,7.45,7.45,NA,32,0.245,0,0,NA,47.7,4.6,3.802136767,NA,NA
100017,Rams,LAR,DST,NA,NA,8,7.4,7.4,7.4,NA,21,0.4,0,0,NA,16.4,3.6,5.900380215,NA,NA
2556466,Peyton Barber,TB,RB,23,1,1,7.24,7.24,7.24,NA,33,0.08,0,0,NA,26,3.6,3.173137608,NA,NA
2552415,Jamison Crowder,WAS,WR,24,2,5,7.23,7.23,7.23,NA,28,0.085,0,0,NA,17.5,4.2,2.950211262,NA,NA
2507166,Ted Ginn,NO,WR,32,10,5,7.17,7.17,7.17,NA,29,0.145,0,0,NA,31.1,4.9,3.213505319,NA,NA
2550542,Kapri Bibbs,WAS,RB,24,3,5,7.17,7.17,7.17,NA,34,0.03,0,0,NA,37.6,6.3,4.871435337,NA,NA
2539980,Kerwynn Williams,ARI,RB,26,4,8,7.15,7.15,7.15,NA,35,0.05,0,0,NA,35,4,3.424737272,NA,NA
2557952,Wayne Gallman,NYG,RB,23,0,8,7.13,7.13,7.13,NA,36,0.065,0,0,NA,27.6,4,3.424737272,NA,NA
2550198,Bennie Fowler,DEN,WR,26,3,5,7.12,7.12,7.12,NA,30,0.29,0,0,NA,64.4,8.9,4.718042787,NA,NA
2543715,Jerick McKinnon,MIN,RB,25,3,9,7.07,7.07,7.07,NA,37,0.105,0,0,NA,22.2,4.9,3.990836515,NA,NA
949,Jonathan Stewart,CAR,RB,30,9,11,7.06,7.06,7.06,NA,38,0.275,0,0,NA,31.5,6.9,5.248834832,NA,NA
100013,Texans,HOU,DST,NA,NA,7,7,7,7,NA,22,0.05,0,0,NA,19.9,3.2,5.132055765,NA,NA
100029,49ers,SF,DST,NA,NA,11,7,7,7,NA,22,0.4,0,0,NA,18.6,3.8,6.28454244,NA,NA
2495826,Vernon Davis,WAS,TE,33,11,5,6.99,6.99,6.99,NA,4,0.485,0,0,NA,10.1,2.2,3.123633981,NA,NA
2556773,Hunter Sharp,NYG,WR,23,1,8,6.93,6.93,6.93,NA,31,0.205,0,0,NA,85,9.4,4.906109971,NA,NA
497236,Jimmy Graham,SEA,TE,31,7,6,6.91,6.91,6.91,NA,5,0.825,0,0,NA,4.9,2.3,3.171278824,NA,NA
100005,Bears,CHI,DST,NA,NA,9,6.9,6.9,6.9,NA,24,0.65,0,0,NA,22.4,5.2,8.973678016,NA,NA
2557976,Joe Mixon,CIN,RB,21,0,6,6.87,6.87,6.87,NA,39,0.615,0,0,NA,37.8,9.4,6.821332729,NA,NA
2540202,Kenny Stills,MIA,WR,25,4,1,6.73,6.73,6.73,NA,32,0.065,0,0,NA,40.4,4.8,3.175891883,NA,NA
2552487,Amari Cooper,OAK,WR,23,2,10,6.72,6.72,6.72,NA,33,0.13,0,0,NA,33.9,7.3,4.1162278,NA,NA
2550481,Orleans Darkwa,NYG,RB,25,3,8,6.7,6.7,6.7,NA,40,1.15,0,0,NA,50.7,5.7,4.494035842,NA,NA
2550353,Allen Hurns,JAC,WR,26,3,8,6.61,6.61,6.61,NA,34,0.1,0,0,NA,91.8,13.5,6.448260876,NA,NA
1581,DeSean Jackson,TB,WR,31,9,1,6.57,6.57,6.57,NA,35,0.13,0,0,NA,49.5,9.8,5.056563718,NA,NA
2506106,Larry Fitzgerald,ARI,WR,34,13,8,6.45,6.45,6.45,NA,36,0.06,0,0,NA,10.3,5,3.251118756,NA,NA
2543491,Paul Richardson,SEA,WR,25,3,6,6.43,6.43,6.43,NA,37,0.08,0,0,NA,35.1,5.1,3.288732193,NA,NA
2649,Danny Amendola,NE,WR,32,9,9,6.35,6.35,6.35,NA,38,0.035,0,0,NA,43.1,4.8,3.175891883,NA,NA
2532903,Rishard Matthews,TEN,WR,28,5,8,6.35,6.35,6.35,NA,38,0.095,0,0,NA,30.2,5.1,3.288732193,NA,NA
100001,Falcons,ATL,DST,NA,NA,5,6.3,6.3,6.3,NA,25,0.1,0,0,NA,18.5,3.4,5.51621799,NA,NA
2507763,Mike Wallace,BAL,WR,31,8,10,6.28,6.28,6.28,NA,40,0.155,0,0,NA,23.6,4.2,2.950211262,NA,NA
2533040,Mohamed Sanu,ATL,WR,28,5,5,6.23,6.23,6.23,NA,41,0.26,0,0,NA,23.2,4.3,2.987824699,NA,NA
100012,Titans,TEN,DST,NA,NA,8,6.2,6.2,6.2,NA,26,0,0,0,NA,19.6,4.2,7.05286689,NA,NA
100018,Raiders,OAK,DST,NA,NA,10,6.2,6.2,6.2,NA,26,0.15,0,0,NA,29,1.8,2.442920189,NA,NA
100023,Giants,NYG,DST,NA,NA,8,6.2,6.2,6.2,NA,26,0.35,0,0,NA,23.8,3.5,5.708299102,NA,NA
2495438,Kyle Rudolph,MIN,TE,28,6,9,6.1,6.1,6.1,NA,6,0.045,0,0,NA,8.6,2.6,3.314213352,NA,NA
2556463,Stephen Anderson,HOU,TE,24,1,7,6.07,6.07,6.07,NA,7,0.175,0,0,NA,22.4,4.3,4.124175682,NA,NA
2543466,Eric Ebron,DET,TE,24,3,7,6.04,6.04,6.04,NA,8,0.325,0,0,NA,5.4,2.1,3.075989138,NA,NA
2543750,Jeff Janis,GB,WR,26,3,8,6.02,6.02,6.02,NA,42,0.125,0,0,NA,103.2,11.9,5.846445889,NA,NA
2552409,DeVante Parker,MIA,WR,24,2,1,5.92,5.92,5.92,NA,43,0.05,0,0,NA,37.3,4,2.874984389,NA,NA
100006,Bengals,CIN,DST,NA,NA,6,5.9,5.9,5.9,NA,29,0.1,0,0,NA,24.7,4.5,7.629110228,NA,NA
2558052,Kenny Golladay,DET,WR,24,0,7,5.87,5.87,5.87,NA,44,8.88E-16,0,0,NA,43.5,8.9,4.718042787,NA,NA
2543471,Kelvin Benjamin,BUF,WR,26,3,6,5.87,5.87,5.87,NA,45,0.005,0,0,NA,34.1,6.6,3.852933743,NA,NA
2555413,Trevor Davis,GB,WR,24,1,8,5.87,5.87,5.87,NA,45,0.125,0,0,NA,111.9,13.1,6.297807129,NA,NA
2553913,Tyrell Williams,LAC,WR,NA,NA,9,5.86,5.86,5.86,NA,47,0.275,0,0,NA,36.3,5.2,3.326345629,NA,NA
2557934,Elijah McGuire,NYJ,RB,23,0,11,5.81,5.81,5.81,NA,41,0.545,0,0,NA,61.8,9.9,7.135832308,NA,NA
100007,Browns,CLE,DST,NA,NA,9,5.8,5.8,5.8,NA,30,0.3,0,0,NA,26.6,4.5,7.629110228,NA,NA
100031,Buccaneers,TB,DST,NA,NA,1,5.8,5.8,5.8,NA,31,0.6,0,0,NA,31.3,0.9,0.714190177,NA,NA
2550284,Trey Burton,PHI,TE,26,3,10,5.75,5.75,5.75,NA,9,0.24,0,0,NA,18.5,5.7,4.791203483,NA,NA
2505299,Antonio Gates,LAC,TE,37,14,9,5.68,5.68,5.68,NA,10,0.345,0,0,NA,6.2,1.9,2.980699452,NA,NA
2539205,Terrance Williams,DAL,WR,28,4,6,5.63,5.63,5.63,NA,48,0.115,0,0,NA,60.8,8,4.379521857,NA,NA
2543759,Ryan Grant,WAS,WR,27,3,5,5.54,5.54,5.54,NA,49,0.15,0,0,NA,56.9,6.6,3.852933743,NA,NA
2555333,Corey Coleman,CLE,WR,23,1,9,5.49,5.49,5.49,NA,50,0.21,0,0,NA,52.8,9.5,4.943723408,NA,NA
2541187,Demetrius Harris,KC,TE,26,4,10,5.34,5.34,5.34,NA,11,0.015,0,0,NA,26.9,3.9,3.93359631,NA,NA
2495966,Delanie Walker,TEN,TE,33,11,8,5.33,5.33,5.33,NA,12,0.025,0,0,NA,3.4,1.4,2.742475237,NA,NA
2506122,Benjamin Watson,BAL,TE,37,13,10,5.32,5.32,5.32,NA,13,0.14,0,0,NA,13.6,2.5,3.266568509,NA,NA
2495470,Stevan Ridley,PIT,RB,28,6,9,5.29,5.29,5.29,NA,42,0.245,0,0,NA,38.3,11.2,7.953531214,NA,NA
2540215,Vance McDonald,PIT,TE,27,4,9,5.29,5.29,5.29,NA,14,0.275,0,0,NA,20.7,4.2,4.076530839,NA,NA
2557895,Dede Westbrook,JAC,WR,24,0,8,5.29,5.29,5.29,NA,51,0.025,0,0,NA,30.6,7.5,4.191454674,NA,NA
2558194,Josh Reynolds,LAR,WR,22,0,8,5.27,5.27,5.27,NA,52,0.03,0,0,NA,49.1,10.4,5.282244338,NA,NA
2556396,Chester Rogers,IND,WR,23,1,11,5.26,5.26,5.26,NA,53,0.135,0,0,NA,71.8,8.4,4.529975604,NA,NA
4327,Danny Woodhead,BAL,RB,32,9,10,5.24,5.24,5.24,NA,43,0.41,0,0,NA,52.5,4.9,3.990836515,NA,NA
2556460,Geronimo Allison,GB,WR,23,1,8,5.22,5.22,5.22,NA,54,0.22,0,0,NA,61.3,11.1,5.545538395,NA,NA
100024,Jets,NYJ,DST,NA,NA,11,5.2,5.2,5.2,NA,32,NA,0,0,NA,31,1.3,1.482514627,NA,NA
2534820,Garrett Celek,SF,TE,29,5,11,5.07,5.07,5.07,NA,15,0.11,0,0,NA,22.9,4,3.981241153,NA,NA
2550272,Albert Wilson,KC,WR,25,3,10,5.03,5.03,5.03,NA,55,0.08,0,0,NA,61.7,12.1,5.921672762,NA,NA
497284,Eric Decker,TEN,WR,30,7,8,4.97,4.97,4.97,NA,56,0.04,0,0,NA,56.2,7.5,4.191454674,NA,NA
2495139,Charles Clay,BUF,TE,28,6,6,4.96,4.96,4.96,NA,16,0.09,0,0,NA,8.5,1.8,2.933054609,NA,NA
2552586,Tyler Kroft,CIN,TE,25,2,6,4.96,4.96,4.96,NA,17,0.205,0,0,NA,24.9,2.7,3.361858195,NA,NA
2543638,DeAnthony Thomas,KC,WR,24,3,10,4.93,4.93,4.93,NA,57,0.02,0,0,NA,79.1,19.1,8.554613331,NA,NA
2555478,Demarcus Robinson,KC,WR,NA,1,10,4.93,4.93,4.93,NA,57,0.155,0,0,NA,69.5,10,5.131790591,NA,NA
497302,Brandon LaFell,CIN,WR,31,7,6,4.89,4.89,4.89,NA,59,0.33,0,0,NA,60.9,5.8,3.55202625,NA,NA
2552374,Ameer Abdullah,DET,RB,24,2,7,4.85,4.85,4.85,NA,44,0.04,0,0,NA,58.3,5.5,4.36823601,NA,NA
2553733,Thomas Rawls,SEA,RB,24,2,6,4.81,4.81,4.81,NA,45,0.06,0,0,NA,74.2,7.5,5.626234327,NA,NA
2558250,Tarik Cohen,CHI,RB,22,0,9,4.81,4.81,4.81,NA,45,0.15,0,0,NA,49,5.5,4.36823601,NA,NA
2505629,Jason Witten,DAL,TE,35,14,6,4.78,4.78,4.78,NA,18,0.11,0,0,NA,14.2,2,3.028344295,NA,NA
2555415,Austin Hooper,ATL,TE,NA,1,5,4.73,4.73,4.73,NA,19,0.165,0,0,NA,17.5,1.9,2.980699452,NA,NA
2539217,Andre Ellington,HOU,RB,28,4,7,4.69,4.69,4.69,NA,47,0.09,0,0,NA,80.4,8.2,6.066533738,NA,NA
2552424,Phillip Dorsett,NE,WR,24,2,9,4.66,4.66,4.66,NA,60,0.21,0,0,NA,117.9,14.2,6.711554933,NA,NA
2540156,Giovani Bernard,CIN,RB,26,4,6,4.63,4.63,4.63,NA,48,0.09,0,0,NA,22.6,8.2,6.066533738,NA,NA
2557986,David Njoku,CLE,TE,21,0,9,4.61,4.61,4.61,NA,20,0.185,0,0,NA,25,4.1,4.028885996,NA,NA
2535708,Lance Dunbar,LAR,RB,27,5,8,4.57,4.57,4.57,NA,49,0.065,0,0,NA,61.1,8.9,6.506833149,NA,NA
2550656,Cameron Brate,TB,TE,26,3,1,4.52,4.52,4.52,NA,21,0.24,0,0,NA,11.5,2.9,3.457147881,NA,NA
497149,LeGarrette Blount,PHI,RB,31,7,10,4.51,4.51,4.51,NA,50,0.08,0,0,NA,51.8,6.8,5.185934916,NA,NA
2552631,Javorius Allen,BAL,RB,26,2,10,4.5,4.5,4.5,NA,51,0.365,0,0,NA,42.8,4.3,3.61343702,NA,NA
71217,Kenny Britt,NE,WR,29,8,9,4.46,4.46,4.46,NA,61,0.05,0,0,NA,94.2,21,9.269268629,NA,NA
2534436,Deonte Thompson,BUF,WR,28,5,6,4.44,4.44,4.44,NA,62,0.065,0,0,NA,58.4,6.7,3.89054718,NA,NA
2558914,Kendrick Bourne,SF,WR,22,0,11,4.38,4.38,4.38,NA,63,0.055,0,0,NA,83.2,11.9,5.846445889,NA,NA
2552430,Tyler Lockett,SEA,WR,25,2,6,4.37,4.37,4.37,NA,64,0.11,0,0,NA,55.4,4.8,3.175891883,NA,NA
2556885,Jalen Richard,OAK,RB,24,1,10,4.36,4.36,4.36,NA,52,0.56,0,0,NA,71.7,5.8,4.556935757,NA,NA
71265,Jared Cook,OAK,TE,30,8,10,4.33,4.33,4.33,NA,22,0.1,0,0,NA,13.3,2.1,3.075989138,NA,NA
2555348,Braxton Miller,HOU,WR,25,1,7,4.28,4.28,4.28,NA,65,0.05,0,0,NA,71.9,12.8,6.184966819,NA,NA
2552418,Justin Hardy,ATL,WR,26,2,5,4.24,4.24,4.24,NA,66,0.085,0,0,NA,103.6,9.2,4.830883098,NA,NA
2532835,Rhett Ellison,NYG,TE,29,5,8,4.23,4.23,4.23,NA,23,0.03,0,0,NA,22.3,5.8,4.838848325,NA,NA
2552633,Jesse James,PIT,TE,23,2,9,4.23,4.23,4.23,NA,23,0.08,0,0,NA,20.9,4.6,4.267110211,NA,NA
2557848,Corey Davis,TEN,WR,22,0,8,4.22,4.22,4.22,NA,67,0.175,0,0,NA,44.7,5.6,3.476799376,NA,NA
2495187,Lance Kendricks,GB,TE,29,6,8,4.17,4.17,4.17,NA,25,0.11,0,0,NA,27.1,6.1,4.981782854,NA,NA
2507218,Brent Celek,PHI,TE,32,10,10,4.13,4.13,4.13,NA,26,0.25,0,0,NA,50.6,20,11.60441602,NA,NA
2532790,Travis Benjamin,LAC,WR,28,5,9,4.09,4.09,4.09,NA,68,0.155,0,0,NA,61.2,7.1,4.041000927,NA,NA
2532977,Kendall Wright,CHI,WR,28,5,9,4,4,4,NA,69,0.145,0,0,NA,45.9,6.4,3.77770687,NA,NA
2495888,Marcedes Lewis,JAC,TE,33,11,8,3.99,3.99,3.99,NA,27,0.315,0,0,NA,30.7,5.3,4.600624111,NA,NA
2552582,Jay Ajayi,PHI,RB,24,2,10,3.91,3.91,3.91,NA,53,0.23,0,0,NA,38.7,7.1,5.374634664,NA,NA
2557863,Zay Jones,BUF,WR,22,0,6,3.87,3.87,3.87,NA,70,0.03,0,0,NA,75.1,9.5,4.943723408,NA,NA
2558846,Mike Williams,LAC,WR,23,0,9,3.84,3.84,3.84,NA,71,0.005,0,0,NA,100.3,14.2,6.711554933,NA,NA
2558202,Trent Taylor,SF,WR,23,0,11,3.84,3.84,3.84,NA,72,0.02,0,0,NA,54.2,6.8,3.928160617,NA,NA
2530660,Kamar Aiken,IND,WR,28,6,11,3.83,3.83,3.83,NA,73,0.02,0,0,NA,119.3,13.3,6.373034002,NA,NA
80670,Louis Murphy,SF,WR,30,8,11,3.81,3.81,3.81,NA,74,0.025,0,0,NA,97.2,13.1,6.297807129,NA,NA
2555209,Chris Moore,BAL,WR,24,1,10,3.81,3.81,3.81,NA,74,0.105,0,0,NA,75.8,10.2,5.207017465,NA,NA
2540928,Darren Fells,DET,TE,31,5,7,3.77,3.77,3.77,NA,28,0.27,0,0,NA,47.8,9.3,6.506417827,NA,NA
2543847,John Brown,ARI,WR,27,3,8,3.76,3.76,3.76,NA,76,0.18,0,0,NA,68.5,11.8,5.808832452,NA,NA
2550289,David Fluellen,TEN,RB,25,3,8,3.69,3.69,3.69,NA,54,0.08,0,0,NA,68.3,8.1,6.003633822,NA,NA
2543600,Alfred Blue,HOU,RB,26,3,7,3.67,3.67,3.67,NA,55,0.14,0,0,NA,40.7,4.8,3.927936599,NA,NA
2533039,Alshon Jeffery,PHI,WR,27,5,10,3.65,3.65,3.65,NA,77,0.14,0,0,NA,42.6,10.9,5.470311522,NA,NA
2533047,Orson Charles,KC,TE,26,5,10,3.58,3.58,3.58,NA,29,0.165,0,0,NA,52,17.1,10.22271557,NA,NA
2555464,DeAndre Washington,OAK,RB,24,1,10,3.55,3.55,3.55,NA,56,0.1,0,0,NA,67.4,6.2,4.808535421,NA,NA
2532797,Brandon Bolden,NE,RB,27,5,9,3.51,3.51,3.51,NA,57,0.13,0,0,NA,64.6,9.5,6.884232644,NA,NA
2550617,Taylor Gabriel,ATL,WR,26,3,5,3.51,3.51,3.51,NA,78,0.075,0,0,NA,82.3,8.9,4.718042787,NA,NA
2553606,Jordan Taylor,DEN,WR,25,2,5,3.51,3.51,3.51,NA,78,0.15,0,0,NA,90.6,8.9,4.718042787,NA,NA
2540158,Zach Ertz,PHI,TE,27,4,10,3.42,3.42,3.42,NA,30,0.025,0,0,NA,17.1,6.3,5.07707254,NA,NA
2495211,Niles Paul,WAS,TE,28,6,5,3.41,3.41,3.41,NA,31,0.045,0,0,NA,35.2,4.7,4.314755053,NA,NA
2507428,Mike Tolbert,BUF,RB,32,9,6,3.39,3.39,3.39,NA,58,0.07,0,0,NA,72,9.2,6.695532897,NA,NA
2556365,Seth DeValve,CLE,TE,24,1,9,3.38,3.38,3.38,NA,32,0.045,0,0,NA,33.5,5,4.457689582,NA,NA
2559150,Corey Clement,PHI,RB,NA,0,10,3.37,3.37,3.37,NA,59,0.14,0,0,NA,42.5,8.1,6.003633822,NA,NA
2495459,Torrey Smith,PHI,WR,28,6,10,3.36,3.36,3.36,NA,80,0.02,0,0,NA,78.8,9.7,5.018950281,NA,NA
2550328,Brandon Coleman,NO,WR,25,3,5,3.36,3.36,3.36,NA,80,0.08,0,0,NA,79.6,9.1,4.793269661,NA,NA
2557889,Gerald Everett,LAR,TE,23,0,8,3.35,3.35,3.35,NA,33,0.04,0,0,NA,37.4,6.1,4.981782854,NA,NA
2552656,J.J. Nelson,ARI,WR,25,2,8,3.32,3.32,3.32,NA,82,0.115,0,0,NA,83.4,9.2,4.830883098,NA,NA
2558207,Jonnu Smith,TEN,TE,22,0,8,3.32,3.32,3.32,NA,34,0.07,0,0,NA,53.4,7.6,5.696455498,NA,NA
2541834,Josh Hill,NO,TE,27,4,5,3.3,3.3,3.3,NA,35,0.14,0,0,NA,31.4,5.2,4.552979268,NA,NA
2559163,Justin Davis,LAR,RB,NA,0,8,3.27,3.27,3.27,NA,60,0.225,0,0,NA,74.1,9.7,7.010032476,NA,NA
2556752,Tommylee Lewis,NO,WR,25,1,5,3.24,3.24,3.24,NA,83,0.09,0,0,NA,123,11.5,5.695992142,NA,NA
2506922,Stephen Gostkowski,NE,K,33,11,9,3.2,3.2,3.2,NA,1,0.45,1,0,NA,1.4,0.8,1.200937642,NA,NA
2541199,Luke Willson,SEA,TE,27,4,6,3.2,3.2,3.2,NA,36,0.145,0,0,NA,53.8,10.1,6.887576571,NA,NA
2532899,Doug Martin,TB,RB,28,5,1,3.19,3.19,3.19,NA,61,0.405,0,0,NA,61.2,6.9,5.248834832,NA,NA
2550597,Seth Roberts,OAK,WR,NA,NA,10,3.17,3.17,3.17,NA,84,0.1,0,0,NA,77.9,9.3,4.868496534,NA,NA
2530700,Dontrelle Inman,CHI,WR,28,4,9,3.13,3.13,3.13,NA,85,0.145,0,0,NA,70,9.6,4.981336844,NA,NA
497224,Ed Dickson,CAR,TE,30,7,11,3.12,3.12,3.12,NA,37,0.14,0,0,NA,58.1,10.8,7.221090471,NA,NA
2541388,Brice Butler,DAL,WR,27,4,6,3.01,3.01,3.01,NA,86,0.06,0,0,NA,87.8,5.7,3.514412813,NA,NA
2495288,Virgil Green,DEN,TE,29,6,5,2.99,2.99,2.99,NA,38,0.23,0,0,NA,44,9.4,6.55406267,NA,NA
2552399,Jeff Heuerman,DEN,TE,25,2,5,2.97,2.97,2.97,NA,39,0.485,0,0,NA,42.9,6.5,5.172362226,NA,NA
2541944,Russell Shepard,CAR,WR,27,4,11,2.96,2.96,2.96,NA,87,0.025,0,0,NA,94.5,7.7,4.266681547,NA,NA
2541966,Jaron Brown,ARI,WR,27,4,8,2.94,2.94,2.94,NA,88,0.015,0,0,NA,83,11.7,5.771219015,NA,NA
2556190,Jakeem Grant,MIA,WR,25,1,1,2.93,2.93,2.93,NA,89,0.05,0,0,NA,65.9,14.4,6.786781806,NA,NA
2555419,Pharoh Cooper,LAR,WR,22,1,8,2.92,2.92,2.92,NA,90,0.12,0,0,NA,67.9,9.2,4.830883098,NA,NA
2543770,Charles Sims,TB,RB,27,3,1,2.9,2.9,2.9,NA,62,0.43,0,0,NA,72.8,10.5,7.513231803,NA,NA
2550256,Willie Snead,NO,WR,25,3,5,2.84,2.84,2.84,NA,91,0.085,0,0,NA,85.5,12.8,6.184966819,NA,NA
2506677,Matt Prater,DET,K,33,11,7,2.8,2.8,2.8,NA,2,0.15,1,0,NA,4.8,2,3.347161182,NA,NA
2535964,Josh Bellamy,CHI,WR,28,5,9,2.76,2.76,2.76,NA,92,0.07,0,0,NA,86.5,9.2,4.830883098,NA,NA
2555214,Laquon Treadwell,MIN,WR,22,1,9,2.75,2.75,2.75,NA,93,0.19,0,0,NA,100.8,14.4,6.786781806,NA,NA
2504797,Matt Bryant,ATL,K,42,15,5,2.7,2.7,2.7,NA,3,0.1,0,0,NA,5.9,2.4,4.062569029,NA,NA
2539289,Kenjon Barner,PHI,RB,28,4,10,2.67,2.67,2.67,NA,63,0.435,0,0,NA,80.2,14.8,10.21792819,NA,NA
2556569,Andy Jones,DET,WR,NA,1,7,2.63,2.63,2.63,NA,94,0.175,0,0,NA,NA,NA,NA,NA,NA
2503471,Adam Vinatieri,IND,K,45,21,11,2.6,2.6,2.6,NA,4,0.05,0,0,NA,11.9,3.4,5.851088645,NA,NA
2556450,Nick Rose,LAC,K,23,1,9,2.6,2.6,2.6,NA,4,0.1,0,0,NA,11,2.9,4.956828837,NA,NA
2552403,Nick OLeary,BUF,TE,25,2,6,2.55,2.55,2.55,NA,40,0.135,0,0,NA,44.5,4.5,4.219465368,NA,NA
2532968,Blair Walsh,SEA,K,27,5,6,2.5,2.5,2.5,NA,6,0.05,0,0,NA,15.7,3.2,5.493384722,NA,NA
2550545,Chris Boswell,PIT,K,28,3,9,2.5,2.5,2.5,NA,6,0.1,0,0,NA,6.4,2.7,4.599124914,NA,NA
2558262,Mack Hollins,PHI,WR,24,0,10,2.49,2.49,2.49,NA,95,0.075,0,0,NA,87.1,9.6,4.981336844,NA,NA
497238,Jermaine Gresham,ARI,TE,29,7,8,2.42,2.42,2.42,NA,41,0.07,0,0,NA,34.9,6.5,5.172362226,NA,NA
2552600,Nelson Agholor,PHI,WR,24,2,10,2.42,2.42,2.42,NA,96,0.055,0,0,NA,49.4,9.8,5.056563718,NA,NA
2495331,Aldrick Robinson,SF,WR,29,6,11,2.41,2.41,2.41,NA,97,0.095,0,0,NA,92.6,14.3,6.749168369,NA,NA
2495835,Anthony Fasano,MIA,TE,33,11,1,2.41,2.41,2.41,NA,42,0.24,0,0,NA,49,11,7.316380157,NA,NA
2506264,Robbie Gould,SF,K,35,12,11,2.4,2.4,2.4,NA,8,0.05,0,0,NA,7.9,2.7,4.599124914,NA,NA
2536340,Justin Tucker,BAL,K,28,5,10,2.4,2.4,2.4,NA,8,0.1,0,0,NA,2.2,0.9,1.379789604,NA,NA
2558069,Chad Hansen,NYJ,WR,22,0,11,2.32,2.32,2.32,NA,98,0.03,0,0,NA,99,11,5.507924958,NA,NA
2557870,Taywan Taylor,TEN,WR,NA,0,8,2.31,2.31,2.31,NA,99,0.045,0,0,NA,122.1,16.7,7.65189085,NA,NA
71309,Graham Gano,CAR,K,30,8,11,2.3,2.3,2.3,NA,10,0,0,0,NA,12.3,2.8,4.777976875,NA,NA
2495150,Kai Forbath,MIN,K,30,6,9,2.3,2.3,2.3,NA,10,0.05,0,0,NA,7.2,1.9,3.16830922,NA,NA
2539227,Dustin Hopkins,WAS,K,27,4,5,2.3,2.3,2.3,NA,10,0.1,0,0,NA,NA,NA,NA,NA,NA
2555364,Tyler Higbee,LAR,TE,24,1,8,2.29,2.29,2.29,NA,43,0.27,0,0,NA,35.8,6,4.934138011,NA,NA
2507999,Chris Ivory,JAC,RB,29,7,8,2.27,2.27,2.27,NA,64,0.1,0,0,NA,55.7,8.8,6.443933233,NA,NA
2556519,Alex Erickson,CIN,WR,25,1,6,2.27,2.27,2.27,NA,100,0.025,0,0,NA,131.7,12,5.884059325,NA,NA
2550163,Michael Campanaro,BAL,WR,26,3,10,2.26,2.26,2.26,NA,101,0.035,0,0,NA,89,5.6,3.476799376,NA,NA
2540145,Cordarrelle Patterson,OAK,WR,26,4,10,2.23,2.23,2.23,NA,102,0.04,0,0,NA,84.2,14.6,6.86200868,NA,NA
80427,Darrius Heyward-Bey,PIT,WR,30,8,9,2.22,2.22,2.22,NA,103,0.09,0,0,NA,89.1,16,7.388596793,NA,NA
2495259,Dan Bailey,DAL,K,29,6,6,2.2,2.2,2.2,NA,13,0,0,0,NA,13.8,3.1,5.31453276,NA,NA
2507232,Mason Crosby,GB,K,33,10,8,2.2,2.2,2.2,NA,13,0.05,0,0,NA,23.8,2.9,4.956828837,NA,NA
2540230,Kyle Juszczyk,SF,RB,26,4,11,2.2,2.2,2.2,NA,65,0.065,0,0,NA,70.3,7.9,5.877833991,NA,NA
2541556,Brandon McManus,DEN,K,26,3,5,2.2,2.2,2.2,NA,13,0.1,0,0,NA,18.1,2.2,3.704865105,NA,NA
2552597,Breshad Perriman,BAL,WR,24,2,10,2.16,2.16,2.16,NA,104,0.07,0,0,NA,98.7,7.8,4.304294984,NA,NA
2495473,Shane Vereen,NYG,RB,28,6,8,2.14,2.14,2.14,NA,66,0.165,0,0,NA,70.1,7.4,5.563334411,NA,NA
2541544,Benny Cunningham,CHI,RB,27,4,9,2.13,2.13,2.13,NA,67,0.345,0,0,NA,76.6,9.4,6.821332729,NA,NA
89802,Ryan Succop,TEN,K,31,8,8,2.1,2.1,2.1,NA,16,0.05,0,0,NA,15.8,2.6,4.420272952,NA,NA
2553833,Josh Lambo,JAC,K,27,2,8,2.1,2.1,2.1,NA,16,0.1,0,0,NA,15,3.1,5.31453276,NA,NA
2556805,Johnny Holton,OAK,WR,26,1,10,2.1,2.1,2.1,NA,105,0.035,0,0,NA,120.8,17.9,8.103252091,NA,NA
2555466,Tyler Boyd,CIN,WR,23,1,6,2.08,2.08,2.08,NA,106,0.04,0,0,NA,96.6,8.4,4.529975604,NA,NA
2543457,Sammy Watkins,LAR,WR,24,3,8,2.05,2.05,2.05,NA,107,0.025,0,0,NA,58.2,24.4,10.54812548,NA,NA
2554630,Ross Travis,IND,TE,24,2,11,2.05,2.05,2.05,NA,44,0.155,0,0,NA,52.8,7.9,5.839390027,NA,NA
2557034,Marvin Hall,ATL,WR,24,1,5,2.03,2.03,2.03,NA,108,0.055,0,0,NA,139.5,4.6,3.100665009,NA,NA
2532978,Jarius Wright,MIN,WR,28,5,9,2.02,2.02,2.02,NA,109,0.145,0,0,NA,88,17.1,7.802344597,NA,NA
2535686,Giorgio Tavecchio,OAK,K,27,5,10,2,2,2,NA,18,0,0,0,NA,24.8,3.5,6.029940607,NA,NA
2543533,Patrick Murray,TB,K,26,3,1,2,2,2,NA,18,0.05,0,0,NA,20.3,2.9,4.956828837,NA,NA
2558172,Jake Elliott,PHI,K,22,0,10,2,2,2,NA,18,0.1,0,0,NA,12.8,5.1,8.891571993,NA,NA
2540200,Dion Sims,CHI,TE,26,4,9,1.99,1.99,1.99,NA,45,0.205,0,0,NA,35.1,6.3,5.07707254,NA,NA
2540169,Robert Woods,LAR,WR,25,4,8,1.93,1.93,1.93,NA,110,0.235,0,0,NA,51.2,25.5,10.96187328,NA,NA
2507374,Steven Hauschka,BUF,K,NA,NA,6,1.9,1.9,1.9,NA,21,0,0,0,NA,14.4,3.9,6.745348453,NA,NA
2550380,Cody Parkey,MIA,K,25,3,1,1.9,1.9,1.9,NA,21,0,0,0,NA,21,3.3,5.672236683,NA,NA
2556771,Aldrick Rosas,NYG,K,23,1,8,1.9,1.9,1.9,NA,21,0.15,0,0,NA,28.6,2.1,3.526013144,NA,NA
2558245,Harrison Butker,KC,K,22,0,10,1.9,1.9,1.9,NA,21,0.3,0,0,NA,13.8,5.6,9.785831802,NA,NA
2532841,Michael Floyd,MIN,WR,28,5,9,1.82,1.82,1.82,NA,111,0.295,0,0,NA,126.6,13.3,6.373034002,NA,NA
2553650,Corey Grant,JAC,RB,NA,NA,8,1.82,1.82,1.82,NA,68,0.14,0,0,NA,74.3,8.1,6.003633822,NA,NA
2550521,Xavier Grimble,PIT,TE,25,3,9,1.8,1.8,1.8,NA,46,0.07,0,0,NA,76.2,11.7,7.649894057,NA,NA
2552468,Maxx Williams,BAL,TE,23,2,10,1.77,1.77,1.77,NA,47,0.125,0,0,NA,39.2,13,8.269277015,NA,NA
2552375,Cameron Artis-Payne,CAR,RB,25,2,11,1.75,1.75,1.75,NA,69,0.15,0,0,NA,NA,NA,NA,NA,NA
2559044,Antony Auclair,TB,TE,24,0,1,1.69,1.69,1.69,NA,48,0.125,0,0,NA,62,9,6.363483299,NA,NA
2552471,T.J. Yeldon,JAC,RB,24,2,8,1.61,1.61,1.61,NA,70,0.315,0,0,NA,42.2,6.3,4.871435337,NA,NA
2533444,Randy Bullock,CIN,K,28,5,6,1.6,1.6,1.6,NA,25,0,0,0,NA,27.9,1.8,2.989457259,NA,NA
2550325,Chandler Catanzaro,NYJ,K,26,3,11,1.6,1.6,1.6,NA,25,0.05,0,0,NA,29.8,2.3,3.883717067,NA,NA
2555289,Nick Vannett,SEA,TE,NA,1,6,1.6,1.6,1.6,NA,49,0.075,0,0,NA,52.2,8,5.887034869,NA,NA
2556521,Kaimi Fairbairn,HOU,K,23,1,7,1.6,1.6,1.6,NA,25,0.15,0,0,NA,24.6,2.8,4.777976875,NA,NA
2556528,D.J. Foster,ARI,RB,NA,1,8,1.59,1.59,1.59,NA,71,0.63,0,0,NA,NA,NA,NA,NA,NA
2539336,Tavon Austin,LAR,WR,26,4,8,1.57,1.57,1.57,NA,112,0.13,0,0,NA,76.5,12.1,5.921672762,NA,NA
2552580,A.J. Derby,MIA,TE,26,2,1,1.53,1.53,1.53,NA,50,0.02,0,0,NA,30,4.9,4.410044739,NA,NA
2552402,Nick Boyle,BAL,TE,24,2,10,1.52,1.52,1.52,NA,51,0.38,0,0,NA,48.2,6.9,5.362941597,NA,NA
2533046,Dwayne Allen,NE,TE,27,5,9,1.5,1.5,1.5,NA,52,0.795,0,0,NA,45.7,10.8,7.221090471,NA,NA
2558178,Zane Gonzalez,CLE,K,NA,0,9,1.5,1.5,1.5,NA,28,0.15,0,0,NA,30.1,2.3,3.883717067,NA,NA
2558127,Josh Malone,CIN,WR,21,0,6,1.48,1.48,1.48,NA,113,0.28,0,0,NA,120.3,16.2,7.463823667,NA,NA
81306,Brandon Tate,BUF,WR,30,8,6,1.4,1.4,1.4,NA,114,0.52,0,0,NA,119.7,5.8,3.55202625,NA,NA
2500351,Phil Dawson,ARI,K,42,19,8,1.4,1.4,1.4,NA,29,0.75,0,0,NA,24.1,4.9,8.53386807,NA,NA
2506386,Mike Nugent,CHI,K,35,12,9,1.3,1.3,1.3,NA,30,1.3,0,0,NA,25.6,4.7,8.176164147,NA,NA
2540151,Justin Hunter,PIT,WR,26,4,9,1,1,1,NA,115,0.33,0,0,NA,95.4,15.9,7.350983357,NA,NA
2550658,Branden Oliver,LAC,RB,26,3,9,1,1,1,NA,72,0.21,0,0,NA,37.6,12,8.456730541,NA,NA
2550633,Senorise Perry,MIA,RB,26,3,1,0.92,0.92,0.92,NA,73,0.27,0,0,NA,80.3,4.4,3.676336935,NA,NA
2495234,Luke Stocker,TEN,TE,29,6,8,0.78,0.78,0.78,NA,53,0.215,0,0,NA,83.8,7.4,5.601165812,NA,NA
2532933,Brian Quick,WAS,WR,28,5,5,0.76,0.76,0.76,NA,116,0.185,0,0,NA,124.5,4.9,3.213505319,NA,NA
2552635,Matt Jones,IND,RB,25,2,11,0.66,0.66,0.66,NA,74,0.065,0,0,NA,NA,NA,NA,NA,NA
2495471,Jacquizz Rodgers,TB,RB,27,6,1,0.64,0.64,0.64,NA,75,0.12,0,0,NA,74.5,10.3,7.387431971,NA,NA
2540259,MarQueis Gray,MIA,TE,27,4,1,0.63,0.63,0.63,NA,54,0.195,0,0,NA,73,1.4,2.742475237,NA,NA
2555468,Rashard Higgins,CLE,WR,23,1,9,0.58,0.58,0.58,NA,117,0.035,0,0,NA,113.7,13.6,6.485874313,NA,NA
2540279,Nick Williams,ATL,WR,27,4,5,0.57,0.57,0.57,NA,118,0.06,0,0,NA,NA,NA,NA,NA,NA
2555460,Paul Perkins,NYG,RB,23,1,8,0.55,0.55,0.55,NA,76,0.105,0,0,NA,83.5,0.5,1.223240217,NA,NA
2539291,Markus Wheaton,CHI,WR,26,4,9,0.52,0.52,0.52,NA,119,0.03,0,0,NA,131.1,12.2,5.959286199,NA,NA
2552397,Clive Walford,OAK,TE,26,2,10,0.5,0.5,0.5,NA,55,0.145,0,0,NA,NA,NA,NA,NA,NA
2552470,Sammie Coates,CLE,WR,24,2,9,0.5,0.5,0.5,NA,120,0.05,0,0,NA,146,3.4,2.649303769,NA,NA
925,Jamaal Charles,DEN,RB,31,9,5,0.49,0.49,0.49,NA,77,0.095,0,0,NA,85.7,9.7,7.010032476,NA,NA
2550223,Freddie Martino,TB,WR,26,3,1,0.48,0.48,0.48,NA,121,0.075,0,0,NA,125.5,21.1,9.306882065,NA,NA
222,Harry Douglas,TEN,WR,33,9,8,0.42,0.42,0.42,NA,122,0.03,0,0,NA,NA,NA,NA,NA,NA
2533457,Alfred Morris,DAL,RB,29,5,6,0.4,0.4,0.4,NA,78,0.05,0,0,NA,70.5,9.5,6.884232644,NA,NA
2536044,Jamize Olawale,OAK,RB,28,5,10,0.39,0.39,0.39,NA,79,0.08,0,0,NA,97.4,12.8,8.959929868,NA,NA
2555473,Ricardo Louis,CLE,WR,NA,1,9,0.39,0.39,0.39,NA,123,0,0,0,NA,126.3,23.6,10.24721798,NA,NA
2556612,Tanner McEvoy,SEA,WR,24,1,6,0.39,0.39,0.39,NA,123,0.02,0,0,NA,125,10.6,5.357471211,NA,NA
2556814,Max McCaffrey,SF,WR,23,1,11,0.39,0.39,0.39,NA,123,0.06,0,0,NA,NA,NA,NA,NA,NA
2539645,Brandon Williams,IND,TE,30,5,11,0.37,0.37,0.37,NA,56,0.03,0,0,NA,NA,NA,NA,NA,NA
2557905,Amara Darboh,SEA,WR,23,0,6,0.35,0.35,0.35,NA,126,0.04,0,0,NA,133.5,10.6,5.357471211,NA,NA
2543628,Troy Niklas,ARI,TE,25,3,8,0.34,0.34,0.34,NA,57,0.015,0,0,NA,59.7,10.8,7.221090471,NA,NA
2553454,Geoff Swaim,DAL,TE,NA,NA,6,0.34,0.34,0.34,NA,57,0.03,0,0,NA,62,10.6,7.125800785,NA,NA
497226,Jim Dray,FA,TE,31,7,NA,0.31,0.31,0.31,NA,59,0.015,0,0,NA,NA,NA,NA,NA,NA
2553631,Zach Zenner,DET,RB,NA,NA,7,0.31,0.31,0.31,NA,80,0.01,0,0,NA,NA,NA,NA,NA,NA
2556404,Maurice Harris,WAS,WR,25,1,5,0.31,0.31,0.31,NA,127,0.005,0,0,NA,111.8,24.2,10.4728986,NA,NA
2558049,Michael Roberts,DET,TE,23,0,7,0.31,0.31,0.31,NA,59,0.03,0,0,NA,69.3,2.2,3.123633981,NA,NA
2558091,Noah Brown,DAL,WR,NA,0,6,0.31,0.31,0.31,NA,127,0.015,0,0,NA,115.4,6.7,3.89054718,NA,NA
2556118,Dwayne Washington,DET,RB,NA,1,7,0.31,0.31,0.31,NA,81,0.02,0,0,NA,NA,NA,NA,NA,NA
2552651,Kaelin Clay,CAR,WR,25,2,11,0.3,0.3,0.3,NA,129,0.03,0,0,NA,91.8,17.8,8.065638654,NA,NA
2558112,Brian Hill,CIN,RB,22,0,6,0.29,0.29,0.29,NA,82,0.025,0,0,NA,77.8,5.7,4.494035842,NA,NA
2559362,Dare Ogunbowale,WAS,RB,NA,0,5,0.29,0.29,0.29,NA,82,0.055,0,0,NA,99.3,1.8,2.040939123,NA,NA
497320,Andre Roberts,ATL,WR,29,7,5,0.29,0.29,0.29,NA,130,0.04,0,0,NA,NA,NA,NA,NA,NA
2543767,Logan Thomas,BUF,TE,26,3,6,0.28,0.28,0.28,NA,61,0.005,0,0,NA,NA,NA,NA,NA,NA
2552559,C.J. Uzomah,CIN,TE,24,2,6,0.28,0.28,0.28,NA,61,0.015,0,0,NA,56.8,5.8,4.838848325,NA,NA
2557886,Jeremy Sprinkle,WAS,TE,23,0,5,0.27,0.27,0.27,NA,63,0.01,0,0,NA,67,17.9,10.60387432,NA,NA
2495347,Lee Smith,OAK,TE,30,6,10,0.26,0.26,0.26,NA,64,0,0,0,NA,62.7,1.5,2.79012008,NA,NA
2552396,Ben Koyack,JAC,TE,24,2,8,0.26,0.26,0.26,NA,64,0.005,0,0,NA,83,4.2,4.076530839,NA,NA
2555306,David Morgan,MIN,TE,24,1,9,0.26,0.26,0.26,NA,64,0.01,0,0,NA,56.6,8.8,6.268193613,NA,NA
2531049,Chris Matthews,BAL,WR,28,4,10,0.25,0.25,0.25,NA,131,0.015,0,0,NA,NA,NA,NA,NA,NA
2535943,Sean McGrath,LAC,TE,30,5,9,0.25,0.25,0.25,NA,67,0,0,0,NA,45,4.4,4.171820525,NA,NA
2552622,Chris Manhertz,CAR,TE,NA,NA,11,0.25,0.25,0.25,NA,67,0,0,0,NA,NA,NA,NA,NA,NA
2552660,Randall Telfer,CLE,TE,25,2,9,0.25,0.25,0.25,NA,67,0,0,0,NA,NA,NA,NA,NA,NA
2553318,James OShaughnessy,FA,TE,NA,NA,NA,0.25,0.25,0.25,NA,67,0,0,0,NA,NA,NA,NA,NA,NA
2553451,Neal Sterling,NYJ,TE,NA,NA,11,0.25,0.25,0.25,NA,67,0.005,0,0,NA,NA,NA,NA,NA,NA
2558023,Eric Saubert,ATL,TE,23,0,5,0.25,0.25,0.25,NA,67,0.02,0,0,NA,65.2,8.7,6.22054877,NA,NA
2558258,Shelton Gibson,PHI,WR,22,0,10,0.25,0.25,0.25,NA,131,0.03,0,0,NA,127.8,22,9.645402996,NA,NA
2552477,Aaron Ripkowski,GB,RB,NA,NA,8,0.24,0.24,0.24,NA,84,0.02,0,0,NA,81.5,5.6,4.431135926,NA,NA
2541096,Ifeanyi Momah,ARI,TE,28,4,8,0.24,0.24,0.24,NA,73,0.045,0,0,NA,NA,NA,NA,NA,NA
2540168,Eddie Lacy,SEA,RB,26,4,6,0.23,0.23,0.23,NA,85,0.025,0,0,NA,82,8.5,6.255233486,NA,NA
2534241,Derek Carrier,LAR,TE,27,5,8,0.22,0.22,0.22,NA,74,0.055,0,0,NA,70.7,4.2,4.076530839,NA,NA
2552654,Geremy Davis,LAC,WR,25,2,9,0.22,0.22,0.22,NA,133,0.005,0,0,NA,NA,NA,NA,NA,NA
2555331,Cody Core,CIN,WR,23,1,6,0.22,0.22,0.22,NA,133,0.035,0,0,NA,NA,NA,NA,NA,NA
2543551,KaDeem Carey,FA,RB,25,3,NA,0.21,0.21,0.21,NA,86,0.025,0,0,NA,NA,NA,NA,NA,NA
2557866,Jehu Chesson,KC,WR,24,0,10,0.21,0.21,0.21,NA,135,0.055,0,0,NA,98.9,21.8,9.570176122,NA,NA
2508101,James Develin,NE,RB,29,7,9,0.2,0.2,0.2,NA,87,0.03,0,0,NA,90,3.7,3.236037524,NA,NA
2550206,Ryan Hewitt,CIN,TE,26,3,6,0.17,0.17,0.17,NA,75,0.045,0,0,NA,NA,NA,NA,NA,NA
2539303,Zach Line,NO,RB,27,4,5,0.17,0.17,0.17,NA,88,0.02,0,0,NA,89.8,7.8,5.814934075,NA,NA
2555220,Derek Watt,LAC,RB,25,1,9,0.17,0.17,0.17,NA,88,0.04,0,0,NA,81.2,9.3,6.758432813,NA,NA
2535535,Phillip Supernaw,TEN,TE,27,5,8,0.16,0.16,0.16,NA,76,0.1,0,0,NA,NA,NA,NA,NA,NA
2557960,Ryan Switzer,DAL,WR,23,0,6,0.16,0.16,0.16,NA,136,0.01,0,0,NA,97.5,20.3,9.005974572,NA,NA
2535988,Brittan Golden,ARI,WR,29,5,8,0.15,0.15,0.15,NA,137,0.025,0,0,NA,NA,NA,NA,NA,NA
2556661,Kalif Raymond,NYG,WR,23,1,8,0.15,0.15,0.15,NA,137,0.09,0,0,NA,107.4,9.8,5.056563718,NA,NA
2495340,Anthony Sherman,KC,RB,29,6,10,0.13,0.13,0.13,NA,90,0,0,0,NA,83,11.4,8.079331046,NA,NA
2555432,Andy Janovich,DEN,RB,24,1,5,0.13,0.13,0.13,NA,90,0,0,0,NA,80.5,6.5,4.997235169,NA,NA
2556762,Elijhaa Penny,ARI,RB,24,1,8,0.13,0.13,0.13,NA,90,0.01,0,0,NA,51.2,4.4,3.676336935,NA,NA
2530763,Patrick DiMarco,BUF,RB,28,6,6,0.13,0.13,0.13,NA,93,0.02,0,0,NA,94.5,6.8,5.185934916,NA,NA
2543695,Jay Prosch,HOU,RB,25,3,7,0.11,0.11,0.11,NA,94,0.01,0,0,NA,NA,NA,NA,NA,NA
2554357,Bronson Hill,ARI,RB,24,2,8,0.11,0.11,0.11,NA,94,0.02,0,0,NA,NA,NA,NA,NA,NA
497270,Arrelious Benn,JAC,WR,29,7,8,0.1,0.1,0.1,NA,139,0.09,0,0,NA,NA,NA,NA,NA,NA
2507828,Logan Paulsen,SF,TE,30,7,11,0.09,0.09,0.09,NA,77,0.075,0,0,NA,NA,NA,NA,NA,NA
2550400,Keith Smith,DAL,RB,25,3,6,0.09,0.09,0.09,NA,96,0.005,0,0,NA,NA,NA,NA,NA,NA
2552636,Michael Burton,DET,RB,25,2,7,0.09,0.09,0.09,NA,96,0.01,0,0,NA,NA,NA,NA,NA,NA
2552464,Jalston Fowler,FA,RB,NA,NA,NA,0.08,0.08,0.08,NA,98,0.035,0,0,NA,NA,NA,NA,NA,NA
2557987,Matthew Dayes,CLE,RB,NA,0,9,0.08,0.08,0.08,NA,98,0.075,0,0,NA,NA,NA,NA,NA,NA
2556478,Ben Braunecker,CHI,TE,23,1,9,0.03,0.03,0.03,NA,78,0.03,0,0,NA,NA,NA,NA,NA,NA
2507029,Eric Weems,TEN,WR,32,10,8,0.02,0.02,0.02,NA,140,0.02,0,0,NA,NA,NA,NA,NA,NA
2550235,Roosevelt Nix,PIT,RB,NA,NA,9,0.01,0.01,0.01,NA,100,0.01,0,0,NA,76.3,4.1,3.487637188,NA,NA
284,Darren McFadden,FA,RB,30,9,NA,0,0,0,NA,101,0,0,0,NA,NA,NA,NA,NA,NA
4487,Matthew Slater,NE,WR,32,9,9,0,0,0,NA,141,0,0,0,NA,NA,NA,NA,NA,NA
79629,Cedric Peerman,CIN,RB,31,8,6,0,0,0,NA,101,0,0,0,NA,NA,NA,NA,NA,NA
497204,C.J. Spiller,KC,RB,30,7,10,0,0,0,NA,101,0,0,0,NA,NA,NA,NA,NA,NA
2504162,Shayne Graham,FA,K,NA,NA,NA,0,0,0,NA,31,0,0,0,NA,NA,NA,NA,NA,NA
2506147,John Kuhn,FA,RB,35,11,NA,0,0,0,NA,101,0,0,0,NA,NA,NA,NA,NA,NA
2507225,Nick Folk,FA,K,33,10,NA,0,0,0,NA,31,0,0,0,NA,NA,NA,NA,NA,NA
2507463,Connor Barth,FA,K,31,9,NA,0,0,0,NA,31,0,0,0,NA,NA,NA,NA,NA,NA
2507883,Jeff Cumberland,LAC,TE,30,7,9,0,0,0,NA,79,0,0,0,NA,80,2.9,3.457147881,NA,NA
2534571,Bobby Rainey,BAL,RB,30,5,10,0,0,0,NA,101,0,0,0,NA,NA,NA,NA,NA,NA
2534871,Derrick Coleman,ATL,RB,27,5,5,0,0,0,NA,101,0,0,0,NA,NA,NA,NA,NA,NA
2535696,Joe Banyard,BUF,RB,29,5,6,0,0,0,NA,101,0,0,0,NA,NA,NA,NA,NA,NA
2535876,Griff Whalen,FA,WR,27,5,NA,0,0,0,NA,141,0,0,0,NA,NA,NA,NA,NA,NA
2539202,Chris Gragg,NYJ,TE,27,4,11,0,0,0,NA,79,0,0,0,NA,NA,NA,NA,NA,NA
2539203,Cobi Hamilton,HOU,WR,27,4,7,0,0,0,NA,141,0,0,0,NA,112.4,12.8,6.184966819,NA,NA
2540211,Gavin Escobar,BAL,TE,26,4,10,0,0,0,NA,79,0,0,0,NA,NA,NA,NA,NA,NA
2540224,Mike James,DET,RB,26,4,7,0,0,0,NA,101,0,0,0,NA,NA,NA,NA,NA,NA
2540225,Tommy Bohanon,JAC,RB,27,4,8,0,0,0,NA,101,0,0,0,NA,88.1,7.4,5.563334411,NA,NA
2541910,George Winn,NYG,RB,27,4,8,0,0,0,NA,101,0,0,0,NA,NA,NA,NA,NA,NA
2542060,Jordan Gay,FA,K,NA,NA,NA,0,0,0,NA,31,0,0,0,NA,NA,NA,NA,NA,NA
2543565,Andre Williams,LAC,RB,25,3,9,0,0,0,NA,101,0,0,0,NA,NA,NA,NA,NA,NA
2543655,Tyler Gaffney,JAC,RB,26,3,8,0,0,0,NA,101,0,0,0,NA,NA,NA,NA,NA,NA
2543664,Terrance West,BAL,RB,26,3,10,0,0,0,NA,101,0,0,0,NA,75.4,10.8,7.701931551,NA,NA
2543682,Bishop Sankey,MIN,RB,25,3,9,0,0,0,NA,101,0,0,0,NA,NA,NA,NA,NA,NA
2543774,Jared Abbrederis,FA,WR,27,3,NA,0,0,0,NA,141,0,0,0,NA,NA,NA,NA,NA,NA
2543781,Zach Hocker,FA,K,26,3,NA,0,0,0,NA,31,0,0,0,NA,NA,NA,NA,NA,NA
2543792,Matt Hazel,CLE,WR,25,3,9,0,0,0,NA,141,0,0,0,NA,NA,NA,NA,NA,NA
2550546,Philly Brown,FA,WR,26,3,NA,0,0,0,NA,141,0,0,0,NA,NA,NA,NA,NA,NA
2550551,Travis Coons,FA,K,25,3,NA,0,0,0,NA,31,0,0,0,NA,NA,NA,NA,NA,NA
2550608,RaShaun Allen,SEA,TE,27,3,6,0,0,0,NA,79,0,0,0,NA,NA,NA,NA,NA,NA
2550636,Cairo Santos,CHI,K,26,3,9,0,0,0,NA,31,0,0,0,NA,NA,NA,NA,NA,NA
2552383,Terrence Magee,BAL,RB,24,2,10,0,0,0,NA,101,0,0,0,NA,NA,NA,NA,NA,NA
2552425,Rashad Greene,JAC,WR,25,2,8,0,0,0,NA,141,0,0,0,NA,NA,NA,NA,NA,NA
2552431,Vince Mayle,BAL,WR,NA,NA,10,0,0,0,NA,141,0,0,0,NA,NA,NA,NA,NA,NA
2552463,Jaelen Strong,FA,WR,23,2,NA,0,0,0,NA,141,0,0,0,NA,NA,NA,NA,NA,NA
2552476,Kenny Hilliard,FA,RB,26,2,NA,0,0,0,NA,101,0,0,0,NA,NA,NA,NA,NA,NA
2553112,Jason Myers,FA,K,NA,NA,NA,0,0,0,NA,31,0,0,0,NA,NA,NA,NA,NA,NA
2553486,Trey Williams,FA,RB,25,2,NA,0,0,0,NA,101,0,0,0,NA,NA,NA,NA,NA,NA
2553617,Terrell Watson,FA,RB,24,2,NA,0,0,0,NA,101,0,0,0,NA,NA,NA,NA,NA,NA
2553648,Andrew Franks,FA,K,24,2,NA,0,0,0,NA,31,0,0,0,NA,NA,NA,NA,NA,NA
2553668,Jordan Leslie,CLE,WR,NA,NA,9,0,0,0,NA,141,0,0,0,NA,NA,NA,NA,NA,NA
2555227,Jonathan Williams,NO,RB,23,1,5,0,0,0,NA,101,0,0,0,NA,NA,NA,NA,NA,NA
2555311,Jerell Adams,NYG,TE,25,1,8,0,0,0,NA,79,0,0,0,NA,33.9,7.1,5.458231283,NA,NA
2555408,Roberto Aguayo,FA,K,23,1,NA,0,0,0,NA,31,0,0,0,NA,NA,NA,NA,NA,NA
2555459,Keith Marshall,WAS,RB,23,1,5,0,0,0,NA,101,0,0,0,NA,NA,NA,NA,NA,NA
2555461,Wendell Smallwood,PHI,RB,23,1,10,0,0,0,NA,101,0,0,0,NA,80,12.8,8.959929868,NA,NA
2555483,Thomas Duarte,MIA,TE,22,1,1,0,0,0,NA,79,0,0,0,NA,NA,NA,NA,NA,NA
2556185,Devin Lucien,FA,WR,24,1,NA,0,0,0,NA,141,0,0,0,NA,NA,NA,NA,NA,NA
2556411,Josh Ferguson,IND,RB,24,1,11,0,0,0,NA,101,0,0,0,NA,NA,NA,NA,NA,NA
2556415,Joe Kerridge,GB,RB,25,1,8,0,0,0,NA,101,0,0,0,NA,NA,NA,NA,NA,NA
2556473,Jace Billingsley,DET,WR,24,1,7,0,0,0,NA,141,0,0,0,NA,NA,NA,NA,NA,NA
2556508,Alan Cross,TB,TE,24,1,1,0,0,0,NA,79,0,0,0,NA,60.4,15,9.222173873,NA,NA
2556577,Marshall Koehn,FA,K,25,1,NA,0,0,0,NA,31,0,0,0,NA,NA,NA,NA,NA,NA
2556606,Jalin Marshall,FA,WR,NA,1,NA,0,0,0,NA,141,0,0,0,NA,NA,NA,NA,NA,NA
2556676,Rashawn Scott,MIA,WR,25,1,1,0,0,0,NA,141,0,0,0,NA,NA,NA,NA,NA,NA
2556803,C.J. Ham,MIN,RB,24,1,9,0,0,0,NA,101,0,0,0,NA,NA,NA,NA,NA,NA
2556827,Dom Williams,PHI,WR,27,1,10,0,0,0,NA,141,0,0,0,NA,NA,NA,NA,NA,NA
2557885,Jordan Leggett,NYJ,TE,22,0,11,0,0,0,NA,79,NA,0,0,NA,NA,NA,NA,NA,NA
2557896,Stacy Coley,MIN,WR,NA,0,9,0,0,0,NA,141,0.11,0,0,NA,NA,NA,NA,NA,NA
2557936,Joe Williams,SF,RB,24,0,11,0,0,0,NA,101,0,0,0,NA,NA,NA,NA,NA,NA
2557977,Jeremy McNichols,SF,RB,22,0,11,0,0,0,NA,101,0,0,0,NA,NA,NA,NA,NA,NA
2558047,Rodney Adams,MIN,WR,23,0,9,0,0,0,NA,141,0.22,0,0,NA,NA,NA,NA,NA,NA
2558998,DeVeon Smith,MIA,RB,NA,0,1,0,0,0,NA,101,NA,0,0,NA,NA,NA,NA,NA,NA
2559205,Younghoe Koo,FA,K,23,0,NA,0,0,0,NA,31,NA,0,0,NA,NA,NA,NA,NA,NA
2558129,Isaiah McKenzie,DEN,WR,22,0,5,-0.22,-0.22,-0.22,NA,158,NA,0,0,NA,109.6,5,3.251118756,NA,NA
