playerId,player,team,position,age,exp,bye,points,lower,upper,sdPts,positionRank,dropoff,tier,ptSpread,overallECR,positionECR,sdRank,risk,sleeper,salary
2506363,Aaron Rodgers,GB,QB,32,10,7,21.7,21.7,21.7,NA,1,3.23,1,0,NA,2.1,0.8,2.957801173,NA,NA
79860,Matthew Stafford,DET,QB,27,6,9,18.51,18.51,18.51,NA,2,0.135,1,0,NA,18.7,3.9,5.15420685,NA,NA
2504211,Tom Brady,NE,QB,38,15,4,18.43,18.43,18.43,NA,3,0.205,1,0,NA,1.2,0.4,2.674393989,NA,NA
2504775,Drew Brees,NO,QB,36,14,11,18.32,18.32,18.32,NA,4,0.325,1,0,NA,7.6,3.1,4.587392482,NA,NA
2506581,Ryan Fitzpatrick,NYJ,QB,33,10,5,18.13,18.13,18.13,NA,5,0.45,1,0,NA,21.3,3.1,4.587392482,NA,NA
310,Matt Ryan,ATL,QB,30,7,10,17.86,17.86,17.86,NA,6,0.76,0,0,NA,5,1.9,3.737170929,NA,NA
2505245,Carson Palmer,ARI,QB,36,12,9,17.5,17.5,17.5,NA,7,0.82,0,0,NA,3.8,1.6,3.524615541,NA,NA
2543583,Devonta Freeman,ATL,RB,23,1,10,16.71,16.71,16.71,NA,1,2.33,1,0,NA,3.2,1.9,2.220517759,NA,NA
2532975,Russell Wilson,SEA,QB,27,3,9,16.7,16.7,16.7,NA,8,0.73,0,0,NA,11.2,3.4,4.79994787,NA,NA
2533031,Andrew Luck,IND,QB,26,3,10,16.66,16.66,16.66,NA,9,1.395,0,0,NA,6.2,3.4,4.79994787,NA,NA
497095,Sam Bradford,PHI,QB,28,5,8,15.28,15.28,15.28,NA,10,0.195,0,0,NA,10.4,3.3,4.729096074,NA,NA
2495186,Colin Kaepernick,SF,QB,28,4,10,15.25,15.25,15.25,NA,11,0.52,0,0,NA,18.1,3.4,4.79994787,NA,NA
2532956,Ryan Tannehill,MIA,QB,27,3,5,14.92,14.92,14.92,NA,12,0.64,0,0,NA,18,3,4.516540686,NA,NA
2507164,Adrian Peterson,MIN,RB,30,8,5,14.89,14.89,14.89,NA,2,1.13,1,0,NA,2.2,1.1,1.598716896,NA,NA
2552466,Marcus Mariota,TEN,QB,22,0,4,14.54,14.54,14.54,NA,13,0.56,0,0,NA,16,3.2,4.658244278,NA,NA
2495893,Brandon Marshall,NYJ,WR,31,9,5,14.46,14.46,14.46,NA,1,2.11,1,0,NA,9.3,3.4,2.515361617,NA,NA
2495455,Cam Newton,CAR,QB,26,4,5,14.02,14.02,14.02,NA,14,0.23,0,0,NA,14.2,4,5.225058646,NA,NA
2495143,Andy Dalton,CIN,QB,28,4,7,13.94,13.94,13.94,NA,15,0.31,0,0,NA,6.9,2.5,4.162281706,NA,NA
100024,Jets,NYJ,DST,NA,NA,5,13.9,13.9,13.9,NA,1,0.85,1,0,NA,2.5,1.5,1.730797716,NA,NA
2495663,Marshawn Lynch,SEA,RB,29,8,9,13.87,13.87,13.87,NA,3,0.315,0,0,NA,13.2,4.7,4.396820778,NA,NA
79555,Arian Foster,HOU,RB,29,6,9,13.65,13.65,13.65,NA,4,0.24,0,0,NA,4.4,1.6,1.987342435,NA,NA
2501863,Peyton Manning,DEN,QB,39,17,7,13.64,13.64,13.64,NA,16,0.1,0,0,NA,13.4,3.5,4.870799666,NA,NA
382,Joe Flacco,BAL,QB,30,7,9,13.62,13.62,13.62,NA,17,0.165,0,0,NA,16.8,3.3,4.729096074,NA,NA
2506340,Alex Smith,KC,QB,31,10,9,13.46,13.46,13.46,NA,18,0.02,0,0,NA,23.9,2.5,4.162281706,NA,NA
2540175,LeVeon Bell,PIT,RB,23,2,11,13.46,13.46,13.46,NA,5,0.62,0,0,NA,1.9,1.2,1.676442004,NA,NA
2543465,Teddy Bridgewater,MIN,QB,23,1,5,13.45,13.45,13.45,NA,19,0.05,0,0,NA,19,2.8,4.374837094,NA,NA
2505996,Eli Manning,NYG,QB,34,11,11,13.43,13.43,13.43,NA,20,0.565,0,0,NA,7.1,2.5,4.162281706,NA,NA
81294,Brian Hoyer,HOU,QB,30,6,9,13.37,13.37,13.37,NA,21,1.125,0,0,NA,22.1,3.4,4.79994787,NA,NA
2540168,Eddie Lacy,GB,RB,24,2,7,13.36,13.36,13.36,NA,6,1.155,0,0,NA,6.1,2.2,2.453693082,NA,NA
100011,Packers,GB,DST,NA,NA,7,13.3,13.3,13.3,NA,2,0.7,1,0,NA,6.3,1.9,2.551763312,NA,NA
100025,Eagles,PHI,DST,NA,NA,8,12.8,12.8,12.8,NA,3,0.85,1,0,NA,14.6,2.8,4.398935903,NA,NA
2495454,Julio Jones,ATL,WR,26,4,10,12.56,12.56,12.56,NA,2,0.45,1,0,NA,4.7,3.1,2.357965641,NA,NA
497240,Rob Gronkowski,NE,TE,26,5,4,12.52,12.52,12.52,NA,1,3.575,1,0,NA,1,0.1,1.293686441,NA,NA
100030,Seahawks,SEA,DST,NA,NA,9,12.4,12.4,12.4,NA,4,0.95,1,0,NA,4.1,1.7,2.141280514,NA,NA
2505076,Josh McCown,CLE,QB,36,13,11,12.36,12.36,12.36,NA,22,0.595,0,0,NA,23.1,3.2,4.658244278,NA,NA
234,Matt Forte,CHI,RB,30,7,7,12.32,12.32,12.32,NA,7,0.245,0,0,NA,4.4,1.3,1.754167112,NA,NA
2495448,Randall Cobb,GB,WR,25,4,7,12.14,12.14,12.14,NA,3,0.335,0,0,NA,7.7,3.4,2.515361617,NA,NA
2495824,Jay Cutler,CHI,QB,32,9,7,12.13,12.13,12.13,NA,23,0.865,0,0,NA,14.8,2.8,4.374837094,NA,NA
2495207,DeMarco Murray,PHI,RB,27,4,8,12.09,12.09,12.09,NA,8,0.075,0,0,NA,12.1,3.4,3.386394376,NA,NA
2540165,DeAndre Hopkins,HOU,WR,23,2,9,12.08,12.08,12.08,NA,4,0.555,0,0,NA,1.6,1.2,1.361124456,NA,NA
2495469,Dion Lewis,NE,RB,25,4,4,12.06,12.06,12.06,NA,9,0.405,0,0,NA,8.3,2.5,2.686868406,NA,NA
2507999,Chris Ivory,NYJ,RB,27,5,5,11.97,11.97,11.97,NA,10,0.86,0,0,NA,9.6,2.4,2.609143298,NA,NA
2495450,A.J. Green,CIN,WR,27,4,7,11.53,11.53,11.53,NA,5,0.01,0,0,NA,4,2.4,1.990708362,NA,NA
2495647,Calvin Johnson,DET,WR,30,8,9,11.52,11.52,11.52,NA,6,0.07,0,0,NA,10.2,4.1,2.882618896,NA,NA
2506106,Larry Fitzgerald,ARI,WR,32,11,9,11.52,11.52,11.52,NA,6,0.265,0,0,NA,6.2,2.7,2.148104339,NA,NA
100009,Broncos,DEN,DST,NA,NA,7,11.5,11.5,11.5,NA,5,0.2,0,0,NA,1.3,0.9,0.499349321,NA,NA
100012,Titans,TEN,DST,NA,NA,4,11.4,11.4,11.4,NA,6,0.25,0,0,NA,15.9,4.1,7.06707409,NA,NA
2543477,Blake Bortles,JAC,QB,24,1,8,11.4,11.4,11.4,NA,24,0.6,0,0,NA,14.5,3.9,5.15420685,NA,NA
238498,Julian Edelman,NE,WR,29,6,4,11.38,11.38,11.38,NA,8,0.415,0,0,NA,4.9,2.5,2.043173688,NA,NA
2543743,Carlos Hyde,SF,RB,24,1,10,11.34,11.34,11.34,NA,11,0.495,0,0,NA,13.7,3.3,3.308669268,NA,NA
100006,Bengals,CIN,DST,NA,NA,7,11.2,11.2,11.2,NA,7,0.1,0,0,NA,5.2,2,2.757004711,NA,NA
497328,Demaryius Thomas,DEN,WR,28,5,7,11.13,11.13,11.13,NA,9,0.335,0,0,NA,7.2,2.7,2.148104339,NA,NA
2504531,Michael Vick,PIT,QB,35,14,11,11.13,11.13,11.13,NA,25,0.805,0,0,NA,26.4,1.4,3.382911949,NA,NA
100010,Lions,DET,DST,NA,NA,9,11.1,11.1,11.1,NA,8,0.3,0,0,NA,14.8,3.1,5.0146601,NA,NA
100020,Vikings,MIN,DST,NA,NA,5,11.1,11.1,11.1,NA,8,1.4,0,0,NA,9.1,3.3,5.425142898,NA,NA
262,Chris Johnson,ARI,RB,30,7,9,10.88,10.88,10.88,NA,12,0.115,0,0,NA,17,3.5,3.464119484,NA,NA
497149,LeGarrette Blount,NE,RB,29,5,4,10.81,10.81,10.81,NA,13,0.355,0,0,NA,18.6,5.3,4.863171425,NA,NA
2532865,T.Y. Hilton,IND,WR,26,3,10,10.8,10.8,10.8,NA,10,0.16,0,0,NA,14.6,4,2.83015357,NA,NA
2507183,James Jones,GB,WR,31,8,7,10.79,10.79,10.79,NA,11,0.405,0,0,NA,17.1,3.6,2.620292268,NA,NA
2495466,Mark Ingram,NO,RB,26,4,11,10.72,10.72,10.72,NA,14,0.615,0,0,NA,8.2,2.3,2.53141819,NA,NA
100026,Cardinals,ARI,DST,NA,NA,9,10.5,10.5,10.5,NA,10,1.65,0,0,NA,4.1,2.5,3.783211706,NA,NA
497322,Emmanuel Sanders,DEN,WR,28,5,7,10.49,10.49,10.49,NA,12,0.265,0,0,NA,11.3,2.6,2.095639013,NA,NA
2506121,Philip Rivers,SD,QB,34,11,10,10.47,10.47,10.47,NA,26,1.375,0,0,NA,9.5,2.8,4.374837094,NA,NA
497284,Eric Decker,NYJ,WR,28,5,5,10.28,10.28,10.28,NA,13,0.125,0,0,NA,23.3,4.6,3.144945523,NA,NA
2540156,Giovani Bernard,CIN,RB,24,2,7,10.19,10.19,10.19,NA,15,0.23,0,0,NA,16.1,2.8,2.920043729,NA,NA
2539228,EJ Manuel,BUF,QB,25,2,8,10.18,10.18,10.18,NA,27,5.346,0,0,NA,NA,NA,NA,NA,NA
2543498,Brandin Cooks,NO,WR,22,1,11,10.17,10.17,10.17,NA,14,0.125,0,0,NA,22.4,5.6,3.669598778,NA,NA
2543496,Odell Beckham,NYG,WR,23,1,11,10.14,10.14,10.14,NA,15,0.375,0,0,NA,4.5,3.4,2.515361617,NA,NA
2552374,Ameer Abdullah,DET,RB,22,0,9,10.02,10.02,10.02,NA,16,0.5,0,0,NA,28.7,5.2,4.785446317,NA,NA
2508061,Antonio Brown,PIT,WR,27,5,11,9.95,9.95,9.95,NA,16,0.53,0,0,NA,13.7,4.8,3.249876174,NA,NA
927,Justin Forsett,BAL,RB,30,7,9,9.9,9.9,9.9,NA,17,0.8,0,0,NA,11.2,3.8,3.697294807,NA,NA
80429,Jeremy Maclin,KC,WR,27,6,9,9.58,9.58,9.58,NA,17,0.435,0,0,NA,14.9,3.2,2.410430966,NA,NA
2540148,Tyler Eifert,CIN,TE,25,2,7,9.45,9.45,9.45,NA,2,1.07,1,0,NA,4.2,1.5,2.543243583,NA,NA
2543847,John Brown,ARI,WR,25,1,9,9.26,9.26,9.26,NA,18,0.235,0,0,NA,24.9,4.2,2.935084221,NA,NA
2506404,Frank Gore,IND,RB,32,10,10,9.14,9.14,9.14,NA,18,0.27,0,0,NA,12.2,2.5,2.686868406,NA,NA
79607,LeSean McCoy,BUF,RB,27,6,8,9.06,9.06,9.06,NA,19,0.385,0,0,NA,32.5,18.2,14.88971033,NA,NA
2540154,Keenan Allen,SD,WR,23,2,10,9.03,9.03,9.03,NA,19,0.145,0,0,NA,13.3,3.2,2.410430966,NA,NA
2543509,Allen Robinson,JAC,WR,22,1,8,9.02,9.02,9.02,NA,20,0.295,0,0,NA,14.2,3.3,2.462896292,NA,NA
100013,Texans,HOU,DST,NA,NA,9,8.9,8.9,8.9,NA,11,0.45,0,0,NA,12.3,3.4,5.630384297,NA,NA
100032,Redskins,WAS,DST,NA,NA,8,8.8,8.8,8.8,NA,12,0.8,0,0,NA,17.7,3.6,6.040867095,NA,NA
2550353,Allen Hurns,JAC,WR,24,1,8,8.75,8.75,8.75,NA,21,0.125,0,0,NA,20.8,3.6,2.620292268,NA,NA
2507763,Mike Wallace,MIN,WR,29,6,5,8.7,8.7,8.7,NA,22,0.175,0,0,NA,29.4,7.1,4.456578661,NA,NA
2552469,Melvin Gordon,SD,RB,22,0,10,8.68,8.68,8.68,NA,20,0.035,0,0,NA,22.6,3.3,3.308669268,NA,NA
2552471,T.J. Yeldon,JAC,RB,22,0,8,8.67,8.67,8.67,NA,21,0.05,0,0,NA,19.5,8.2,7.117199552,NA,NA
497188,Ryan Mathews,PHI,RB,28,5,8,8.62,8.62,8.62,NA,22,0.035,0,0,NA,33.7,5.5,5.01862164,NA,NA
2550268,Charcandrick West,KC,RB,24,1,9,8.62,8.62,8.62,NA,22,0.18,0,0,NA,20.3,3.9,3.775019915,NA,NA
2550189,Isaiah Crowell,CLE,RB,22,1,11,8.55,8.55,8.55,NA,24,0.24,0,0,NA,31.3,4.7,4.396820778,NA,NA
2550256,Willie Snead,NO,WR,23,1,11,8.55,8.55,8.55,NA,23,0.1,0,0,NA,22.2,4.6,3.144945523,NA,NA
2495158,Leonard Hankerson,ATL,WR,27,4,10,8.5,8.5,8.5,NA,24,0.145,0,0,NA,30.7,4.3,2.987549547,NA,NA
2543794,Crockett Gillmore,BAL,TE,24,1,9,8.44,8.44,8.44,NA,3,0.31,1,0,NA,19,4.7,5.399374196,NA,NA
2533039,Alshon Jeffery,CHI,WR,25,3,7,8.4,8.4,8.4,NA,25,0.305,0,0,NA,27.7,8.9,5.40095452,NA,NA
2543603,Jeremy Hill,CIN,RB,23,1,7,8.33,8.33,8.33,NA,25,0.135,0,0,NA,23.3,3.6,3.541844592,NA,NA
497236,Jimmy Graham,SEA,TE,29,5,9,8.32,8.32,8.32,NA,4,0.725,0,0,NA,7.7,2.2,3.168022155,NA,NA
2543500,Jordan Matthews,PHI,WR,23,1,8,8.31,8.31,8.31,NA,26,0.595,0,0,NA,18.5,3.9,2.777688245,NA,NA
71345,Rashad Jennings,NYG,RB,30,6,11,8.29,8.29,8.29,NA,26,0.25,0,0,NA,30.3,4.4,4.163645454,NA,NA
2539217,Andre Ellington,ARI,RB,26,2,9,8.1,8.1,8.1,NA,27,0.12,0,0,NA,33.1,5,4.629996101,NA,NA
100005,Bears,CHI,DST,NA,NA,7,8.1,8.1,8.1,NA,13,0.2,0,0,NA,20.2,4.5,7.888039686,NA,NA
2532820,Kirk Cousins,WAS,QB,27,3,8,8.01,8.01,8.01,NA,28,7.052,0,0,NA,27.3,1.3,3.312060153,NA,NA
2533034,Lamar Miller,MIA,RB,24,3,5,7.98,7.98,7.98,NA,28,0.06,0,0,NA,19,5.2,4.785446317,NA,NA
2539260,Denard Robinson,JAC,RB,25,2,8,7.98,7.98,7.98,NA,28,0.19,0,0,NA,51.2,11.7,9.837578326,NA,NA
2495353,Julius Thomas,JAC,TE,27,4,8,7.94,7.94,7.94,NA,5,0.73,0,0,NA,12,2.8,3.703546645,NA,NA
100004,Panthers,CAR,DST,NA,NA,5,7.9,7.9,7.9,NA,14,0.1,0,0,NA,9.9,3.4,5.630384297,NA,NA
100016,Chiefs,KC,DST,NA,NA,9,7.9,7.9,7.9,NA,14,0.3,0,0,NA,18,3.2,5.219901499,NA,NA
2505587,Anquan Boldin,SF,WR,35,12,10,7.88,7.88,7.88,NA,27,0.395,0,0,NA,29.3,6.3,4.036856057,NA,NA
2540269,C.J. Anderson,DEN,RB,24,2,7,7.86,7.86,7.86,NA,30,0.22,0,0,NA,23.6,5.3,4.863171425,NA,NA
2553733,Thomas Rawls,SEA,RB,22,0,9,7.72,7.72,7.72,NA,31,0.245,0,0,NA,41,7.4,6.495398689,NA,NA
100027,Steelers,PIT,DST,NA,NA,11,7.7,7.7,7.7,NA,16,0.2,0,0,NA,22,3.6,6.040867095,NA,NA
2495328,Bilal Powell,NYJ,RB,27,4,5,7.56,7.56,7.56,NA,32,0.28,0,0,NA,49.7,5.9,5.329522072,NA,NA
497326,Golden Tate,DET,WR,27,5,9,7.55,7.55,7.55,NA,28,0.17,0,0,NA,29.8,6.3,4.036856057,NA,NA
100002,Ravens,BAL,DST,NA,NA,9,7.5,7.5,7.5,NA,17,0,0,0,NA,10.3,3.5,5.835625696,NA,NA
100021,Patriots,NE,DST,NA,NA,4,7.5,7.5,7.5,NA,17,0.05,0,0,NA,8.1,2.6,3.988453105,NA,NA
100023,Giants,NYG,DST,NA,NA,11,7.5,7.5,7.5,NA,17,0.2,0,0,NA,14.2,4.1,7.06707409,NA,NA
2530747,Doug Baldwin,SEA,WR,27,4,9,7.42,7.42,7.42,NA,29,0.09,0,0,NA,40.2,4.7,3.197410849,NA,NA
100003,Bills,BUF,DST,NA,NA,8,7.4,7.4,7.4,NA,20,0.25,0,0,NA,11.7,3.1,5.0146601,NA,NA
2543682,Bishop Sankey,TEN,RB,23,1,4,7.39,7.39,7.39,NA,33,0.27,0,0,NA,43,5.2,4.785446317,NA,NA
2543488,Jarvis Landry,MIA,WR,23,1,5,7.34,7.34,7.34,NA,30,0.085,0,0,NA,22.4,4.4,3.040014872,NA,NA
2495459,Torrey Smith,SF,WR,26,4,10,7.32,7.32,7.32,NA,31,0.16,0,0,NA,41.1,6.1,3.931925406,NA,NA
2505299,Antonio Gates,SD,TE,35,12,10,7.25,7.25,7.25,NA,6,0.195,0,0,NA,3.7,1.5,2.543243583,NA,NA
100007,Browns,CLE,DST,NA,NA,11,7.2,7.2,7.2,NA,21,0.15,0,0,NA,18,3.3,5.425142898,NA,NA
2532977,Kendall Wright,TEN,WR,26,3,4,7.19,7.19,7.19,NA,32,0.115,0,0,NA,25.4,4.5,3.092480198,NA,NA
2540258,Travis Kelce,KC,TE,26,2,9,7.17,7.17,7.17,NA,7,0.275,0,0,NA,3.8,1.4,2.453989502,NA,NA
4327,Danny Woodhead,SD,RB,30,7,10,7.17,7.17,7.17,NA,34,0.145,0,0,NA,19.3,3.4,3.386394376,NA,NA
2505551,Andre Johnson,IND,WR,34,12,10,7.13,7.13,7.13,NA,33,0.11,0,0,NA,43.2,8,4.928766591,NA,NA
100001,Falcons,ATL,DST,NA,NA,10,7.1,7.1,7.1,NA,22,0.3,0,0,NA,18,5.6,10.14569508,NA,NA
2533437,Ronnie Hillman,DEN,RB,24,3,7,7.07,7.07,7.07,NA,35,0.12,0,0,NA,27.9,5.2,4.785446317,NA,NA
2346,Pierre Garcon,WAS,WR,29,7,8,7.02,7.02,7.02,NA,34,0.01,0,0,NA,34.2,4.7,3.197410849,NA,NA
2530660,Kamar Aiken,BAL,WR,26,4,9,7.02,7.02,7.02,NA,34,0.22,0,0,NA,32.2,5.5,3.617133453,NA,NA
100022,Saints,NO,DST,NA,NA,11,7,7,7,NA,23,0.45,0,0,NA,25.6,3.2,5.219901499,NA,NA
2532790,Travis Benjamin,CLE,WR,26,3,11,7,7,7,NA,36,0.46,0,0,NA,32.3,5.8,3.774529429,NA,NA
949,Jonathan Stewart,CAR,RB,28,7,5,6.98,6.98,6.98,NA,36,0.205,0,0,NA,31.5,5.1,4.707721209,NA,NA
1060,Gary Barnidge,CLE,TE,30,7,11,6.94,6.94,6.94,NA,8,0.14,0,0,NA,9.1,2.7,3.614292563,NA,NA
497204,C.J. Spiller,NO,RB,28,5,11,6.92,6.92,6.92,NA,37,0.315,0,0,NA,35.2,5.9,5.329522072,NA,NA
2495700,Greg Olsen,CAR,TE,30,8,5,6.85,6.85,6.85,NA,9,0.59,0,0,NA,3.4,1.6,2.632497665,NA,NA
1062,Martellus Bennett,CHI,TE,28,7,7,6.75,6.75,6.75,NA,10,1.18,0,0,NA,5.9,2.7,3.614292563,NA,NA
2552631,Javorius Allen,BAL,RB,24,0,9,6.63,6.63,6.63,NA,38,0.065,0,0,NA,42.2,8.2,7.117199552,NA,NA
100029,49ers,SF,DST,NA,NA,10,6.6,6.6,6.6,NA,24,0.25,0,0,NA,22.6,3.3,5.425142898,NA,NA
2507166,Ted Ginn,CAR,WR,30,8,5,6.6,6.6,6.6,NA,37,0.125,0,0,NA,45.3,7.3,4.561509312,NA,NA
2506467,Darren Sproles,PHI,RB,32,10,8,6.58,6.58,6.58,NA,39,0.085,0,0,NA,40.1,4,3.852745023,NA,NA
2543600,Alfred Blue,HOU,RB,24,1,9,6.55,6.55,6.55,NA,40,0.16,0,0,NA,57.7,4.8,4.474545886,NA,NA
100015,Jaguars,JAC,DST,NA,NA,8,6.5,6.5,6.5,NA,25,0.65,0,0,NA,16.8,3.5,5.835625696,NA,NA
2533533,Rueben Randle,NYG,WR,24,3,11,6.48,6.48,6.48,NA,38,0.055,0,0,NA,36.9,5.6,3.669598778,NA,NA
2543614,Donte Moncrief,IND,WR,22,1,10,6.47,6.47,6.47,NA,39,0.16,0,0,NA,23.3,3.5,2.567826943,NA,NA
2552461,Duke Johnson,CLE,RB,22,0,11,6.44,6.44,6.44,NA,41,0.125,0,0,NA,24.7,3.5,3.464119484,NA,NA
2552429,Ty Montgomery,GB,WR,22,0,7,6.38,6.38,6.38,NA,40,0.225,0,0,NA,43,4.8,3.249876174,NA,NA
2540178,Knile Davis,KC,RB,24,2,9,6.34,6.34,6.34,NA,42,0.055,0,0,NA,40.3,4.2,4.008195239,NA,NA
2533457,Alfred Morris,WAS,RB,27,3,8,6.29,6.29,6.29,NA,43,0.075,0,0,NA,34.8,5.7,5.174071856,NA,NA
497206,James Starks,GB,RB,29,5,7,6.28,6.28,6.28,NA,44,0.2,0,0,NA,46.8,5.1,4.707721209,NA,NA
2649,Danny Amendola,NE,WR,30,7,4,6.24,6.24,6.24,NA,41,0.21,0,0,NA,57.6,5.3,3.512202802,NA,NA
100019,Dolphins,MIA,DST,NA,NA,5,6.2,6.2,6.2,NA,26,0.75,0,0,NA,17.8,3.7,6.246108494,NA,NA
2495473,Shane Vereen,NYG,RB,26,4,11,6.15,6.15,6.15,NA,45,0.185,0,0,NA,32.3,5.3,4.863171425,NA,NA
2552463,Jaelen Strong,HOU,WR,21,0,9,6.07,6.07,6.07,NA,42,0.12,0,0,NA,69.9,9.4,5.663281148,NA,NA
2553435,David Johnson,ARI,RB,24,0,9,6.01,6.01,6.01,NA,46,0.14,0,0,NA,42,6.7,5.951322934,NA,NA
2532841,Michael Floyd,ARI,WR,26,3,9,5.99,5.99,5.99,NA,43,0.09,0,0,NA,48.1,5.4,3.564668127,NA,NA
2550474,Antonio Andrews,TEN,RB,23,1,4,5.92,5.92,5.92,NA,47,0.195,0,0,NA,33.3,5.6,5.096346748,NA,NA
2506366,Roddy White,ATL,WR,34,10,10,5.91,5.91,5.91,NA,44,0.08,0,0,NA,53.5,7.3,4.561509312,NA,NA
768,Steve Johnson,SD,WR,29,7,10,5.89,5.89,5.89,NA,45,0.16,0,0,NA,53.4,10.7,6.345330379,NA,NA
2542022,Khiry Robinson,NO,RB,26,2,11,5.82,5.82,5.82,NA,48,0.53,0,0,NA,51.5,4.7,4.396820778,NA,NA
2532903,Rishard Matthews,MIA,WR,26,3,5,5.77,5.77,5.77,NA,46,0.085,0,0,NA,44.5,6.7,4.246717359,NA,NA
2495438,Kyle Rudolph,MIN,TE,26,4,5,5.77,5.77,5.77,NA,11,0.425,0,0,NA,15.6,2.6,3.525038481,NA,NA
2532884,Marvin Jones,CIN,WR,25,3,7,5.69,5.69,5.69,NA,47,0.135,0,0,NA,39.4,4.8,3.249876174,NA,NA
2550328,Brandon Coleman,NO,WR,23,1,11,5.68,5.68,5.68,NA,48,0.265,0,0,NA,61.6,7.8,4.82383594,NA,NA
2552453,Tevin Coleman,ATL,RB,22,0,10,5.63,5.63,5.63,NA,49,0.685,0,0,NA,48.3,4.7,4.396820778,NA,NA
100028,Chargers,SD,DST,NA,NA,10,5.5,5.5,5.5,NA,27,0.1,0,0,NA,25.2,3.2,5.219901499,NA,NA
2543572,Martavis Bryant,PIT,WR,24,1,11,5.43,5.43,5.43,NA,49,0.065,0,0,NA,43.5,7.3,4.561509312,NA,NA
100014,Colts,IND,DST,NA,NA,10,5.4,5.4,5.4,NA,28,NA,0,0,NA,26.4,2,2.757004711,NA,NA
2543495,Davante Adams,GB,WR,23,1,7,5.4,5.4,5.4,NA,50,0.09,0,0,NA,72.7,9.8,5.87314245,NA,NA
2533046,Dwayne Allen,IND,TE,25,3,10,5.37,5.37,5.37,NA,12,0.09,0,0,NA,22.7,2.9,3.792800726,NA,NA
2532887,Jermaine Kearse,SEA,WR,25,3,9,5.33,5.33,5.33,NA,51,0.21,0,0,NA,53.3,7,4.404113336,NA,NA
2495826,Vernon Davis,SF,TE,31,9,10,5.32,5.32,5.32,NA,13,0.085,0,0,NA,25.9,4.4,5.131611951,NA,NA
2552491,Dorial Green-Beckham,TEN,WR,22,0,4,5.29,5.29,5.29,NA,52,0.37,0,0,NA,66,11.4,6.712587658,NA,NA
2541768,Tim Wright,TB,TE,25,2,6,5.24,5.24,5.24,NA,14,0.065,0,0,NA,29.1,3.8,4.596087461,NA,NA
2540928,Darren Fells,ARI,TE,29,3,9,5.23,5.23,5.23,NA,15,0.12,0,0,NA,25.6,4.3,5.042357869,NA,NA
2495139,Charles Clay,BUF,TE,26,4,8,5.12,5.12,5.12,NA,16,0.1,0,0,NA,10.9,2.8,3.703546645,NA,NA
2495966,Delanie Walker,TEN,TE,31,9,4,5.1,5.1,5.1,NA,17,0.255,0,0,NA,9.3,2,2.989513992,NA,NA
497176,Toby Gerhart,JAC,RB,28,5,8,4.95,4.95,4.95,NA,50,0.025,0,0,NA,56.9,11.8,9.915303434,NA,NA
2540177,Marquess Wilson,CHI,WR,23,2,7,4.95,4.95,4.95,NA,53,0.065,0,0,NA,39.5,9,5.453419846,NA,NA
2541834,Josh Hill,NO,TE,25,2,11,4.94,4.94,4.94,NA,18,0.195,0,0,NA,32.5,5.8,6.381169094,NA,NA
2552635,Matt Jones,WAS,RB,23,0,8,4.94,4.94,4.94,NA,51,0.08,0,0,NA,37.9,5,4.629996101,NA,NA
2532864,Dan Herron,BUF,RB,26,3,8,4.91,4.91,4.91,NA,52,0.135,0,0,NA,48,6.5,5.795872719,NA,NA
2506313,Nate Washington,HOU,WR,32,10,9,4.89,4.89,4.89,NA,54,0.025,0,0,NA,74.3,6.2,3.984390732,NA,NA
2495189,Jeremy Kerley,NYJ,WR,27,4,5,4.88,4.88,4.88,NA,55,0.075,0,0,NA,102.3,13.2,7.656963517,NA,NA
2543457,Sammy Watkins,BUF,WR,22,1,8,4.85,4.85,4.85,NA,56,0.155,0,0,NA,38.5,7.2,4.509043987,NA,NA
497145,Joique Bell,DET,RB,29,5,9,4.81,4.81,4.81,NA,53,0.185,0,0,NA,51.2,6.9,6.10677315,NA,NA
2506004,Jerricho Cotchery,CAR,WR,33,11,5,4.76,4.76,4.76,NA,57,0.24,0,0,NA,83.8,13.1,7.604498191,NA,NA
2550313,Richard Rodgers,GB,TE,23,1,7,4.75,4.75,4.75,NA,19,0.185,0,0,NA,13.3,2.4,3.346530318,NA,NA
2495560,Ahmad Bradshaw,FA,RB,29,8,NA,4.74,4.74,4.74,NA,54,0.255,0,0,NA,57.4,10.9,9.215777463,NA,NA
2532838,Coby Fleener,IND,TE,27,3,10,4.74,4.74,4.74,NA,20,0.44,0,0,NA,20.6,2.8,3.703546645,NA,NA
1990,Eddie Royal,CHI,WR,29,7,7,4.63,4.63,4.63,NA,58,0.265,0,0,NA,50.5,6.8,4.299182685,NA,NA
2540011,Chris Thompson,WAS,RB,25,2,8,4.51,4.51,4.51,NA,55,0.08,0,0,NA,43.9,5.8,5.251796964,NA,NA
2533030,Jonas Gray,MIA,RB,25,3,5,4.46,4.46,4.46,NA,56,0.075,0,0,NA,64.3,5,4.629996101,NA,NA
81831,Brian Hartline,CLE,WR,29,6,11,4.41,4.41,4.41,NA,59,0.105,0,0,NA,77.7,8.7,5.296023869,NA,NA
497190,Dexter McCluster,TEN,RB,27,5,4,4.4,4.4,4.4,NA,57,0.045,0,0,NA,54.1,5.2,4.785446317,NA,NA
2532853,Ladarius Green,SD,TE,25,3,10,4.39,4.39,4.39,NA,21,0.19,0,0,NA,22.5,3.8,4.596087461,NA,NA
2553631,Zach Zenner,DET,RB,NA,NA,9,4.37,4.37,4.37,NA,58,0.22,0,0,NA,53.9,6.7,5.951322934,NA,NA
2543565,Andre Williams,NYG,RB,23,1,11,4.34,4.34,4.34,NA,59,0.42,0,0,NA,51,5.4,4.940896533,NA,NA
2552415,Jamison Crowder,WAS,WR,22,0,8,4.32,4.32,4.32,NA,60,0.04,0,0,NA,43.5,5.1,3.407272151,NA,NA
80425,Percy Harvin,BUF,WR,27,6,8,4.29,4.29,4.29,NA,61,0.04,0,0,NA,46.2,7,4.404113336,NA,NA
2505785,Malcom Floyd,SD,WR,34,11,10,4.27,4.27,4.27,NA,62,0.04,0,0,NA,51.4,6.3,4.036856057,NA,NA
2532978,Jarius Wright,MIN,WR,26,3,5,4.23,4.23,4.23,NA,63,0.085,0,0,NA,81.8,10.4,6.187934403,NA,NA
2533040,Mohamed Sanu,CIN,WR,26,3,7,4.23,4.23,4.23,NA,63,0.19,0,0,NA,60.5,6.3,4.036856057,NA,NA
2507218,Brent Celek,PHI,TE,30,8,8,4.21,4.21,4.21,NA,22,0.035,0,0,NA,27.7,5.4,6.024152767,NA,NA
2552402,Nick Boyle,BAL,TE,22,0,9,4.19,4.19,4.19,NA,23,0.09,0,0,NA,37.6,9.6,9.772824196,NA,NA
2537933,Larry Donnell,NYG,TE,27,3,11,4.16,4.16,4.16,NA,24,0.225,0,0,NA,15.9,3.1,3.97130889,NA,NA
2552600,Nelson Agholor,PHI,WR,22,0,8,4.06,4.06,4.06,NA,65,0.095,0,0,NA,55.3,7.2,4.509043987,NA,NA
2506122,Benjamin Watson,NO,TE,35,11,11,4.04,4.04,4.04,NA,25,0.265,0,0,NA,25.2,4.5,5.220866033,NA,NA
2495341,Cecil Shorts,HOU,WR,28,4,9,4.02,4.02,4.02,NA,66,0.175,0,0,NA,56.1,8.8,5.348489195,NA,NA
2553439,Mike Davis,SF,RB,22,0,10,3.96,3.96,3.96,NA,60,0.405,0,0,NA,66.1,7.3,6.417673581,NA,NA
2552424,Phillip Dorsett,IND,WR,22,0,10,3.91,3.91,3.91,NA,67,0.145,0,0,NA,70.2,7,4.404113336,NA,NA
2540020,Theo Riddick,DET,RB,24,2,9,3.88,3.88,3.88,NA,61,0.72,0,0,NA,42,6.2,5.562697395,NA,NA
2495267,Jordan Cameron,MIA,TE,27,4,5,3.83,3.83,3.83,NA,26,0.14,0,0,NA,12.4,2.9,3.792800726,NA,NA
2552430,Tyler Lockett,SEA,WR,23,0,9,3.78,3.78,3.78,NA,68,0.04,0,0,NA,61.5,6,3.87946008,NA,NA
222,Harry Douglas,TEN,WR,31,7,4,3.75,3.75,3.75,NA,69,0.07,0,0,NA,80.8,9.6,5.768211799,NA,NA
2541147,Charles Johnson,MIN,WR,26,2,5,3.73,3.73,3.73,NA,70,0.11,0,0,NA,67.9,8.4,5.138627893,NA,NA
2534820,Garrett Celek,SF,TE,27,3,10,3.72,3.72,3.72,NA,27,0.065,0,0,NA,27.5,3.6,4.417579298,NA,NA
2540158,Zach Ertz,PHI,TE,25,2,8,3.66,3.66,3.66,NA,28,0.03,0,0,NA,14.3,3.3,4.149817053,NA,NA
324,Jacob Tamme,ATL,TE,30,7,10,3.65,3.65,3.65,NA,29,0.12,0,0,NA,15.5,4,4.774595624,NA,NA
2540169,Robert Woods,BUF,WR,23,2,8,3.63,3.63,3.63,NA,71,0.075,0,0,NA,60.1,7,4.404113336,NA,NA
2495825,Owen Daniels,DEN,TE,33,9,7,3.61,3.61,3.61,NA,30,0.22,0,0,NA,20.1,3.2,4.060562971,NA,NA
2508097,Andrew Hawkins,CLE,WR,29,4,11,3.61,3.61,3.61,NA,72,0.12,0,0,NA,71.7,8.3,5.086162567,NA,NA
497282,Riley Cooper,PHI,WR,28,5,8,3.5,3.5,3.5,NA,73,0.025,0,0,NA,72.8,9.7,5.820677124,NA,NA
2540202,Kenny Stills,MIA,WR,23,2,5,3.48,3.48,3.48,NA,74,0.04,0,0,NA,67.5,10.3,6.135469077,NA,NA
2541966,Jaron Brown,ARI,WR,25,2,9,3.47,3.47,3.47,NA,75,0.06,0,0,NA,107.9,11.8,6.92244896,NA,NA
2507486,Kellen Davis,NYJ,TE,30,7,5,3.45,3.45,3.45,NA,32,0.3,0,0,NA,44.3,10.7,10.75461909,NA,NA
2495801,Miles Austin,PHI,WR,31,9,8,3.41,3.41,3.41,NA,76,0.025,0,0,NA,91,12.9,7.49956754,NA,NA
2540005,Marlon Brown,BAL,WR,24,2,9,3.41,3.41,3.41,NA,76,0.08,0,0,NA,65.8,7,4.404113336,NA,NA
1581,DeSean Jackson,WAS,WR,29,7,8,3.36,3.36,3.36,NA,78,0.085,0,0,NA,48,10.1,6.030538426,NA,NA
2495288,Virgil Green,DEN,TE,27,4,7,3.33,3.33,3.33,NA,33,0.375,0,0,NA,39.1,6.9,7.362963992,NA,NA
2552458,Devin Funchess,CAR,WR,21,0,5,3.3,3.3,3.3,NA,79,0.055,0,0,NA,84.6,8.1,4.981231916,NA,NA
2550617,Taylor Gabriel,CLE,WR,24,1,11,3.25,3.25,3.25,NA,80,0.035,0,0,NA,74.2,8.7,5.296023869,NA,NA
2539291,Markus Wheaton,PIT,WR,24,2,11,3.24,3.24,3.24,NA,81,0.12,0,0,NA,70.9,9.6,5.768211799,NA,NA
2550512,Damien Williams,MIA,RB,23,1,5,3.23,3.23,3.23,NA,62,0.17,0,0,NA,69,5.1,4.707721209,NA,NA
2540261,Corey Fuller,DET,WR,25,2,9,3.19,3.19,3.19,NA,82,0.155,0,0,NA,111.6,9.3,5.610815822,NA,NA
2507232,Mason Crosby,GB,K,31,8,7,3.1,3.1,3.1,NA,1,0.2,1,0,NA,5.2,1.9,2.247750364,NA,NA
2507428,Mike Tolbert,CAR,RB,30,7,5,3.09,3.09,3.09,NA,63,0.205,0,0,NA,65.8,6.1,5.484972287,NA,NA
2540151,Justin Hunter,TEN,WR,24,2,4,3.05,3.05,3.05,NA,83,0.04,0,0,NA,76.3,9.9,5.925607775,NA,NA
2552379,Jeremy Langford,CHI,RB,24,0,7,3.03,3.03,3.03,NA,64,0.31,0,0,NA,64,3.9,3.775019915,NA,NA
2506287,Lance Moore,DET,WR,32,10,9,3.02,3.02,3.02,NA,84,0.02,0,0,NA,80.8,12.2,7.132310262,NA,NA
80427,Darrius Heyward-Bey,PIT,WR,28,6,11,3,3,3,NA,85,0.025,0,0,NA,72.5,10,5.978073101,NA,NA
2530515,Chris Hogan,BUF,WR,27,4,8,3,3,3,NA,85,0.07,0,0,NA,79.6,12.9,7.49956754,NA,NA
2506369,Heath Miller,PIT,TE,33,10,11,2.97,2.97,2.97,NA,34,0.075,0,0,NA,21.8,3.1,3.97130889,NA,NA
2550272,Albert Wilson,KC,WR,23,1,9,2.95,2.95,2.95,NA,88,0.095,0,0,NA,97.2,11.6,6.817518309,NA,NA
497234,Garrett Graham,HOU,TE,29,5,9,2.94,2.94,2.94,NA,35,0.175,0,0,NA,35.4,3.9,4.685341543,NA,NA
2543638,DeAnthony Thomas,KC,WR,22,1,9,2.91,2.91,2.91,NA,89,0.12,0,0,NA,86.4,13.4,7.761894168,NA,NA
2507225,Nick Folk,NYJ,K,31,8,5,2.9,2.9,2.9,NA,2,0.1,1,0,NA,16.9,4.2,6.169097191,NA,NA
2539637,Caleb Sturgis,PHI,K,26,2,8,2.9,2.9,2.9,NA,2,0.2,1,0,NA,13.8,3.7,5.316630489,NA,NA
2495835,Anthony Fasano,TEN,TE,31,9,4,2.85,2.85,2.85,NA,36,0.185,0,0,NA,34.2,5.1,5.756390522,NA,NA
2531049,Chris Matthews,SEA,WR,26,2,9,2.8,2.8,2.8,NA,90,0.05,0,0,NA,110.8,9.1,5.505885171,NA,NA
2552409,DeVante Parker,MIA,WR,22,0,5,2.78,2.78,2.78,NA,91,0.08,0,0,NA,NA,NA,NA,NA,NA
2540273,Zac Stacy,NYJ,RB,24,2,5,2.74,2.74,2.74,NA,65,0.145,0,0,NA,71.2,5,4.629996101,NA,NA
2553434,Devin Smith,NYJ,WR,NA,NA,5,2.72,2.72,2.72,NA,92,0.085,0,0,NA,74.6,9.3,5.610815822,NA,NA
2506677,Matt Prater,DET,K,31,9,9,2.7,2.7,2.7,NA,4,0,0,0,NA,14.7,3.5,4.975643809,NA,NA
2506922,Stephen Gostkowski,NE,K,31,9,4,2.7,2.7,2.7,NA,4,0.1,0,0,NA,1.2,0.6,0.03133694,NA,NA
2543781,Zach Hocker,NO,K,24,1,11,2.7,2.7,2.7,NA,4,0.2,1,0,NA,13.2,3.2,4.464163788,NA,NA
2506147,John Kuhn,GB,RB,33,9,7,2.7,2.7,2.7,NA,66,0.26,0,0,NA,76.8,4.8,4.474545886,NA,NA
2541199,Luke Willson,SEA,TE,25,2,9,2.68,2.68,2.68,NA,37,0.035,0,0,NA,35.1,3,3.882054808,NA,NA
2543746,Josh Huff,PHI,WR,24,1,8,2.68,2.68,2.68,NA,93,0.145,0,0,NA,62.1,11.8,6.92244896,NA,NA
2495573,Scott Chandler,NE,TE,30,8,4,2.65,2.65,2.65,NA,38,0.145,0,0,NA,30.4,3.5,4.328325216,NA,NA
2495888,Marcedes Lewis,JAC,TE,31,9,8,2.64,2.64,2.64,NA,39,0.27,0,0,NA,39.1,5,5.667136441,NA,NA
2543759,Ryan Grant,WAS,WR,25,1,8,2.59,2.59,2.59,NA,94,0.145,0,0,NA,81.9,8.8,5.348489195,NA,NA
2507374,Steven Hauschka,SEA,K,NA,NA,9,2.5,2.5,2.5,NA,7,0.05,0,0,NA,5.4,2.8,3.782190426,NA,NA
2550325,Chandler Catanzaro,ARI,K,24,1,9,2.5,2.5,2.5,NA,7,0.15,0,0,NA,8.3,2.2,2.759230385,NA,NA
2550263,Juwan Thompson,DEN,RB,23,1,7,2.49,2.49,2.49,NA,67,0.19,0,0,NA,80.3,10.7,9.060327248,NA,NA
2495802,Jason Avant,KC,WR,32,9,9,2.48,2.48,2.48,NA,95,0.075,0,0,NA,104.9,10,5.978073101,NA,NA
2539256,Aaron Dobson,NE,WR,24,2,4,2.41,2.41,2.41,NA,97,0.025,0,0,NA,82.5,11.9,6.974914285,NA,NA
2552608,Stefon Diggs,MIN,WR,22,0,5,2.4,2.4,2.4,NA,98,0.14,0,0,NA,57.3,11,6.502726356,NA,NA
2504797,Matt Bryant,ATL,K,40,13,10,2.4,2.4,2.4,NA,9,0.15,0,0,NA,3.8,1.9,2.247750364,NA,NA
2534437,Austin Johnson,NO,RB,26,2,11,2.39,2.39,2.39,NA,68,0.21,0,0,NA,84.2,4.4,4.163645454,NA,NA
497226,Jim Dray,CLE,TE,29,5,11,2.37,2.37,2.37,NA,40,0.005,0,0,NA,51,0.8,1.918465012,NA,NA
2495159,Dwayne Harris,NYG,WR,28,4,11,2.37,2.37,2.37,NA,99,0.225,0,0,NA,54.4,7.8,4.82383594,NA,NA
2508112,Rob Housler,CLE,TE,27,4,11,2.37,2.37,2.37,NA,40,0.04,0,0,NA,48,7.4,7.8092344,NA,NA
2534241,Derek Carrier,WAS,TE,25,3,8,2.36,2.36,2.36,NA,42,0.075,0,0,NA,18.9,3.2,4.060562971,NA,NA
71431,Brandon Pettigrew,DET,TE,30,6,9,2.3,2.3,2.3,NA,43,0.105,0,0,NA,36.9,9.8,9.951332359,NA,NA
2532968,Blair Walsh,MIN,K,25,3,5,2.3,2.3,2.3,NA,10,0.15,0,0,NA,16.5,3.9,5.65761717,NA,NA
2553318,James OShaughnessy,KC,TE,NA,NA,9,2.27,2.27,2.27,NA,44,0.165,0,0,NA,45.5,3.5,4.328325216,NA,NA
163982,Will Johnson,PIT,RB,26,4,11,2.21,2.21,2.21,NA,69,0.125,0,0,NA,NA,NA,NA,NA,NA
2503471,Adam Vinatieri,IND,K,43,19,10,2.2,2.2,2.2,NA,11,0.1,0,0,NA,9,3.2,4.464163788,NA,NA
2495867,Greg Jennings,MIA,WR,32,9,5,2.15,2.15,2.15,NA,100,0.11,0,0,NA,90.3,12.4,7.237240913,NA,NA
2543715,Jerick McKinnon,MIN,RB,23,1,5,2.15,2.15,2.15,NA,70,0.155,0,0,NA,68,5.6,5.096346748,NA,NA
2550546,Philly Brown,CAR,WR,24,1,5,2.14,2.14,2.14,NA,101,0.225,0,0,NA,85.5,11.6,6.817518309,NA,NA
497224,Ed Dickson,CAR,TE,28,5,5,2.12,2.12,2.12,NA,45,0.05,0,0,NA,38.7,5.6,6.202660931,NA,NA
2506194,Nick Novak,HOU,K,NA,NA,9,2.1,2.1,2.1,NA,12,0,0,0,NA,18.1,4.6,6.851070552,NA,NA
2506386,Mike Nugent,CIN,K,33,10,7,2.1,2.1,2.1,NA,12,0.05,0,0,NA,16.4,3,4.123177107,NA,NA
2541556,Brandon McManus,DEN,K,24,1,7,2.1,2.1,2.1,NA,12,0.15,0,0,NA,5,2.6,3.441203746,NA,NA
2532835,Rhett Ellison,MIN,TE,27,3,5,2.09,2.09,2.09,NA,46,0.055,0,0,NA,49.5,3.4,4.239071135,NA,NA
2540200,Dion Sims,MIA,TE,24,2,5,2.05,2.05,2.05,NA,47,0.055,0,0,NA,40.4,3.6,4.417579298,NA,NA
2539303,Zach Line,MIN,RB,25,2,5,2.02,2.02,2.02,NA,71,0.085,0,0,NA,85.8,10.3,8.749426816,NA,NA
2552468,Maxx Williams,BAL,TE,21,0,9,2.02,2.02,2.02,NA,48,0.14,0,0,NA,28.8,4.6,5.310120114,NA,NA
2500351,Phil Dawson,SF,K,40,17,10,2,2,2,NA,15,0.1,0,0,NA,18.9,3.2,4.464163788,NA,NA
2495314,Bruce Miller,SF,RB,28,4,10,1.97,1.97,1.97,NA,72,0.075,0,0,NA,78.6,6,5.40724718,NA,NA
497238,Jermaine Gresham,ARI,TE,27,5,9,1.97,1.97,1.97,NA,49,0.215,0,0,NA,33.8,4.2,4.953103788,NA,NA
2543646,Bruce Ellington,SF,WR,24,1,10,1.94,1.94,1.94,NA,102,0.06,0,0,NA,91.8,11.7,6.869983634,NA,NA
89802,Ryan Succop,TEN,K,29,6,4,1.9,1.9,1.9,NA,16,0,0,0,NA,19.7,5.1,7.703537253,NA,NA
2536340,Justin Tucker,BAL,K,26,3,9,1.9,1.9,1.9,NA,16,0,0,0,NA,3.7,2.7,3.611697086,NA,NA
2550551,Travis Coons,CLE,K,23,1,11,1.9,1.9,1.9,NA,16,0,0,0,NA,21.7,5.6,8.556003955,NA,NA
2550636,Cairo Santos,KC,K,24,1,9,1.9,1.9,1.9,NA,16,0,0,0,NA,13,3.9,5.65761717,NA,NA
2553112,Jason Myers,JAC,K,NA,NA,8,1.9,1.9,1.9,NA,16,0.05,0,0,NA,20.1,5.3,8.044523934,NA,NA
2553462,Josh Robinson,IND,RB,23,0,10,1.9,1.9,1.9,NA,73,0.075,0,0,NA,66.6,6.9,6.10677315,NA,NA
2553648,Andrew Franks,MIA,K,22,0,5,1.9,1.9,1.9,NA,16,0.1,0,0,NA,22.9,3.9,5.65761717,NA,NA
2495979,DeAngelo Williams,PIT,RB,32,9,11,1.89,1.89,1.89,NA,74,0.165,0,0,NA,58.4,5.9,5.329522072,NA,NA
2550198,Bennie Fowler,DEN,WR,24,1,7,1.89,1.89,1.89,NA,103,0.025,0,0,NA,98.9,5.9,3.826994755,NA,NA
2540145,Cordarrelle Patterson,MIN,WR,24,2,5,1.87,1.87,1.87,NA,104,0.015,0,0,NA,104,11.1,6.555191681,NA,NA
2539250,Quinton Patton,SF,WR,25,2,10,1.86,1.86,1.86,NA,105,0.845,0,0,NA,94.4,8.1,4.981231916,NA,NA
206,Andre Caldwell,DEN,WR,30,7,7,1.85,1.85,1.85,NA,106,1.69,0,0,NA,113,12.2,7.132310262,NA,NA
2505459,Josh Brown,NYG,K,36,12,11,1.8,1.8,1.8,NA,22,0,0,0,NA,7.4,3,4.123177107,NA,NA
2550545,Chris Boswell,PIT,K,26,1,11,1.8,1.8,1.8,NA,22,0.05,0,0,NA,20.8,3.8,5.487123829,NA,NA
2553833,Josh Lambo,SD,K,25,0,10,1.8,1.8,1.8,NA,22,0.1,0,0,NA,15.9,3.4,4.805150468,NA,NA
2540215,Vance McDonald,SF,TE,25,2,10,1.79,1.79,1.79,NA,50,0.135,0,0,NA,42.7,4,4.774595624,NA,NA
2507737,Darrel Young,WAS,RB,28,6,8,1.76,1.76,1.76,NA,75,0.14,0,0,NA,92,8,6.961749336,NA,NA
2543721,C.J. Fiedorowicz,HOU,TE,24,1,9,1.72,1.72,1.72,NA,51,0.39,0,0,NA,37.2,4.4,5.131611951,NA,NA
2506264,Robbie Gould,CHI,K,33,10,7,1.7,1.7,1.7,NA,25,0.05,0,0,NA,11.6,3.3,4.634657128,NA,NA
2507401,Dan Carpenter,BUF,K,30,7,8,1.7,1.7,1.7,NA,25,0.1,0,0,NA,13.6,3.9,5.65761717,NA,NA
497172,Anthony Dixon,BUF,RB,28,5,8,1.69,1.69,1.69,NA,76,0.16,0,0,NA,47.6,7.9,6.884024228,NA,NA
252,Chad Henne,JAC,QB,30,7,8,1.658,1.658,1.658,NA,29,1.408,0,0,NA,31.3,2.1,3.878874521,NA,NA
71309,Graham Gano,CAR,K,28,6,5,1.6,1.6,1.6,NA,27,0.8,0,0,NA,19.3,6,9.237977316,NA,NA
2539227,Dustin Hopkins,WAS,K,25,2,8,1.6,1.6,1.6,NA,27,1.6,0,0,NA,23.6,4,5.82811051,NA,NA
2550206,Ryan Hewitt,CIN,TE,24,1,7,1.59,1.59,1.59,NA,52,0.98,0,0,NA,NA,NA,NA,NA,NA
2540230,Kyle Juszczyk,BAL,RB,24,2,9,1.55,1.55,1.55,NA,77,0.07,0,0,NA,68.2,5.5,5.01862164,NA,NA
2552464,Jalston Fowler,TEN,RB,NA,NA,4,1.51,1.51,1.51,NA,78,0.115,0,0,NA,NA,NA,NA,NA,NA
2495461,Shaun Draughn,CLE,RB,28,4,11,1.45,1.45,1.45,NA,79,0.185,0,0,NA,NA,NA,NA,NA,NA
2550658,Branden Oliver,SD,RB,24,1,10,1.34,1.34,1.34,NA,80,0.255,0,0,NA,72.2,6.6,5.873597827,NA,NA
2495340,Anthony Sherman,KC,RB,27,4,9,1.19,1.19,1.19,NA,81,0.215,0,0,NA,83.6,5.8,5.251796964,NA,NA
71247,James Casey,FA,TE,31,6,NA,1.07,1.07,1.07,NA,53,0.935,0,0,NA,NA,NA,NA,NA,NA
2543695,Jay Prosch,HOU,RB,23,1,9,0.98,0.98,0.98,NA,82,0.055,0,0,NA,NA,NA,NA,NA,NA
2534871,Derrick Coleman,SEA,RB,25,3,9,0.97,0.97,0.97,NA,83,0.155,0,0,NA,NA,NA,NA,NA,NA
2540225,Tommy Bohanon,NYJ,RB,25,2,5,0.88,0.88,0.88,NA,84,0.245,0,0,NA,95.3,4.5,4.241370562,NA,NA
2530763,Patrick DiMarco,ATL,RB,26,4,10,0.75,0.75,0.75,NA,85,0.37,0,0,NA,86.4,4.2,4.008195239,NA,NA
230,Jerome Felton,BUF,RB,29,7,8,0.52,0.52,0.52,NA,86,0.29,0,0,NA,94.4,5.8,5.251796964,NA,NA
2533033,Robert Griffin,WAS,QB,25,3,8,0.258,0.258,0.258,NA,30,0.062,0,0,NA,NA,NA,NA,NA,NA
79858,Mark Sanchez,PHI,QB,29,6,8,0.242,0.242,0.242,NA,31,0.092,0,0,NA,NA,NA,NA,NA,NA
2506871,Fred Jackson,SEA,RB,34,9,9,0.24,0.24,0.24,NA,87,0.045,0,0,NA,57.3,4.3,4.085920346,NA,NA
2507779,Donald Brown,SD,RB,28,6,10,0.22,0.22,0.22,NA,88,0.06,0,0,NA,NA,NA,NA,NA,NA
2495558,Dwayne Bowe,CLE,WR,31,8,11,0.18,0.18,0.18,NA,107,0.04,0,0,NA,NA,NA,NA,NA,NA
2495258,Matt Asiata,MIN,RB,28,4,5,0.17,0.17,0.17,NA,89,0.035,0,0,NA,69.5,4.6,4.31909567,NA,NA
497242,Clay Harbor,JAC,TE,28,5,8,0.15,0.15,0.15,NA,54,0.04,0,0,NA,56.3,4.6,5.310120114,NA,NA
2504833,Shaun Hill,MIN,QB,NA,NA,5,0.15,0.15,0.15,NA,32,0.001,0,0,NA,NA,NA,NA,NA,NA
2505982,Matt Schaub,BAL,QB,34,11,9,0.15,0.15,0.15,NA,32,0.005,0,0,NA,NA,NA,NA,NA,NA
2534770,Jonathan Grimes,HOU,RB,26,3,9,0.15,0.15,0.15,NA,90,0.035,0,0,NA,69.5,5.3,4.863171425,NA,NA
2501078,Matt Hasselbeck,IND,QB,40,17,10,0.148,0.148,0.148,NA,34,0.007,0,0,NA,29.6,1,3.099504765,NA,NA
2543462,Johnny Manziel,CLE,QB,23,1,11,0.142,0.142,0.142,NA,35,0.007,0,0,NA,42,13,11.60172029,NA,NA
2506895,Kellen Clemens,SD,QB,32,9,10,0.14,0.14,0.14,NA,36,0.014,0,0,NA,NA,NA,NA,NA,NA
2495315,Denarius Moore,BUF,WR,27,4,8,0.14,0.14,0.14,NA,108,0.005,0,0,NA,NA,NA,NA,NA,NA
2541785,Adam Thielen,MIN,WR,25,1,5,0.14,0.14,0.14,NA,108,0.01,0,0,NA,90.1,14.1,8.129151446,NA,NA
2495192,Greg Little,CIN,WR,26,4,7,0.13,0.13,0.13,NA,110,0.005,0,0,NA,NA,NA,NA,NA,NA
2495443,Ryan Mallett,HOU,QB,27,4,9,0.13,0.13,0.13,NA,37,0.014,0,0,NA,31.7,5.2,6.075280199,NA,NA
2495651,Jacoby Jones,SD,WR,31,8,10,0.13,0.13,0.13,NA,110,0.01,0,0,NA,NA,NA,NA,NA,NA
2495425,Scott Tolzien,GB,QB,28,4,7,0.122,0.122,0.122,NA,38,0.014,0,0,NA,NA,NA,NA,NA,NA
2533037,Chris Polk,HOU,RB,26,3,9,0.12,0.12,0.12,NA,91,0.02,0,0,NA,60.6,4.5,4.241370562,NA,NA
81306,Brandon Tate,CIN,WR,28,6,7,0.12,0.12,0.12,NA,112,0,0,0,NA,113.4,22.6,12.58870411,NA,NA
497320,Andre Roberts,WAS,WR,27,5,8,0.12,0.12,0.12,NA,112,0,0,0,NA,104,19.6,11.01474435,NA,NA
2507883,Jeff Cumberland,NYJ,TE,28,5,5,0.12,0.12,0.12,NA,55,0.02,0,0,NA,32.6,4.7,5.399374196,NA,NA
2530700,Dontrelle Inman,SD,WR,26,2,10,0.12,0.12,0.12,NA,112,0.005,0,0,NA,79.6,12.9,7.49956754,NA,NA
2532900,Keshawn Martin,NE,WR,25,3,4,0.12,0.12,0.12,NA,112,0.02,0,0,NA,77.4,12.9,7.49956754,NA,NA
2539964,Marquise Goodwin,BUF,WR,25,2,8,0.11,0.11,0.11,NA,116,0.025,0,0,NA,102.4,18.4,10.38516044,NA,NA
2552375,Cameron Artis-Payne,CAR,RB,23,0,5,0.11,0.11,0.11,NA,92,0.02,0,0,NA,67,7,6.184498258,NA,NA
81284,Chase Daniel,KC,QB,29,6,9,0.11,0.11,0.11,NA,39,0.016,0,0,NA,NA,NA,NA,NA,NA
2495748,Drew Stanton,ARI,QB,31,8,9,0.106,0.106,0.106,NA,40,0.024,0,0,NA,NA,NA,NA,NA,NA
497246,Michael Hoomanawanui,NO,TE,27,5,11,0.1,0.1,0.1,NA,56,0.01,0,0,NA,NA,NA,NA,NA,NA
2534244,Chase Ford,MIN,TE,25,3,5,0.1,0.1,0.1,NA,56,0.03,0,0,NA,NA,NA,NA,NA,NA
2532797,Brandon Bolden,NE,RB,25,3,4,0.09,0.09,0.09,NA,93,0.005,0,0,NA,NA,NA,NA,NA,NA
2535876,Griff Whalen,IND,WR,25,3,10,0.09,0.09,0.09,NA,117,0.01,0,0,NA,NA,NA,NA,NA,NA
2543773,James White,NE,RB,23,1,4,0.09,0.09,0.09,NA,94,0.01,0,0,NA,79.7,7.1,6.262223366,NA,NA
497108,Jimmy Clausen,CHI,QB,27,5,7,0.082,0.082,0.082,NA,41,2.78E-17,0,0,NA,NA,NA,NA,NA,NA
2495441,Blaine Gabbert,SF,QB,26,4,10,0.082,0.082,0.082,NA,42,0.001,0,0,NA,NA,NA,NA,NA,NA
2543605,Zach Mettenberger,TEN,QB,24,1,4,0.082,0.082,0.082,NA,43,0.006,0,0,NA,NA,NA,NA,NA,NA
2535964,Josh Bellamy,CHI,WR,26,3,7,0.08,0.08,0.08,NA,118,0,0,0,NA,83.4,13.3,7.709428842,NA,NA
2539327,Joseph Fauria,FA,TE,25,2,NA,0.08,0.08,0.08,NA,58,0.02,0,0,NA,NA,NA,NA,NA,NA
2543828,Quincy Enunwa,NYJ,WR,23,1,5,0.08,0.08,0.08,NA,118,0.005,0,0,NA,96.8,10.2,6.083003752,NA,NA
2552420,Keith Mumphery,HOU,WR,23,0,9,0.08,0.08,0.08,NA,118,0.01,0,0,NA,70.8,9.9,5.925607775,NA,NA
2506053,Luke McCown,NO,QB,34,11,11,0.08,0.08,0.08,NA,44,0.03,0,0,NA,NA,NA,NA,NA,NA
2539315,Stepfan Taylor,ARI,RB,24,2,9,0.08,0.08,0.08,NA,95,0.005,0,0,NA,82.8,10.4,8.827151924,NA,NA
2543551,KaDeem Carey,CHI,RB,23,1,7,0.08,0.08,0.08,NA,95,0.01,0,0,NA,85.5,4.3,4.085920346,NA,NA
2506546,Derek Anderson,CAR,QB,32,10,5,0.072,0.072,0.072,NA,45,0.05,0,0,NA,NA,NA,NA,NA,NA
2533460,Robert Turbin,CLE,RB,26,3,11,0.07,0.07,0.07,NA,97,0,0,0,NA,66.6,8.1,7.039474444,NA,NA
2533545,Bernard Pierce,JAC,RB,24,3,8,0.07,0.07,0.07,NA,97,0.005,0,0,NA,71.3,6.3,5.640422503,NA,NA
2540037,Fozzy Whittaker,CAR,RB,26,3,5,0.07,0.07,0.07,NA,97,0.01,0,0,NA,78.1,7.8,6.80629912,NA,NA
2552652,Chris Conley,KC,WR,23,0,9,0.07,0.07,0.07,NA,121,0.005,0,0,NA,81.9,10.6,6.292865054,NA,NA
2552654,Geremy Davis,NYG,WR,23,0,11,0.07,0.07,0.07,NA,121,0.01,0,0,NA,110,11,6.502726356,NA,NA
2539289,Kenjon Barner,PHI,RB,26,2,8,0.06,0.06,0.06,NA,100,0.01,0,0,NA,NA,NA,NA,NA,NA
2539265,Rex Burkhead,CIN,RB,25,2,7,0.06,0.06,0.06,NA,101,0.03,0,0,NA,85,5.2,4.785446317,NA,NA
238457,Zach Miller,CHI,TE,31,6,7,0.06,0.06,0.06,NA,59,0.005,0,0,NA,NA,NA,NA,NA,NA
1037885,Marc Mariani,CHI,WR,28,5,7,0.06,0.06,0.06,NA,123,0.01,0,0,NA,111.8,2.4,1.990708362,NA,NA
2495306,Ricardo Lockette,SEA,WR,29,4,9,0.06,0.06,0.06,NA,123,0.025,0,0,NA,117.3,14,8.076686121,NA,NA
2540203,Levine Toilolo,ATL,TE,24,2,10,0.06,0.06,0.06,NA,59,0.01,0,0,NA,44.4,8.2,8.523267053,NA,NA
2539202,Chris Gragg,BUF,TE,25,2,8,0.05,0.05,0.05,NA,61,0.005,0,0,NA,NA,NA,NA,NA,NA
2543628,Troy Niklas,ARI,TE,23,1,9,0.05,0.05,0.05,NA,61,0.01,0,0,NA,NA,NA,NA,NA,NA
1992,Craig Stevens,TEN,TE,31,7,4,0.04,0.04,0.04,NA,63,0,0,0,NA,44.8,4.2,4.953103788,NA,NA
79589,David Johnson,SD,TE,28,6,10,0.04,0.04,0.04,NA,63,0,0,0,NA,NA,NA,NA,NA,NA
497250,Anthony McCoy,WAS,TE,28,5,8,0.04,0.04,0.04,NA,63,0,0,0,NA,52,5.7,6.291915012,NA,NA
2507182,Matt Spaeth,PIT,TE,31,8,11,0.04,0.04,0.04,NA,63,0,0,0,NA,NA,NA,NA,NA,NA
2540232,Jack Doyle,IND,TE,25,2,10,0.04,0.04,0.04,NA,63,0,0,0,NA,49.4,5.9,6.470423175,NA,NA
2543596,Dri Archer,PIT,RB,24,1,11,0.04,0.04,0.04,NA,102,0.02,0,0,NA,NA,NA,NA,NA,NA
2543750,Jeff Janis,GB,WR,24,1,7,0.04,0.04,0.04,NA,126,0.015,0,0,NA,112,10.5,6.240399728,NA,NA
2552401,MyCole Pruitt,MIN,TE,23,0,5,0.04,0.04,0.04,NA,63,0.005,0,0,NA,NA,NA,NA,NA,NA
2552586,Tyler Kroft,CIN,TE,23,0,7,0.04,0.04,0.04,NA,63,0.01,0,0,NA,NA,NA,NA,NA,NA
71435,John Phillips,SD,TE,28,6,10,0.03,0.03,0.03,NA,70,0,0,0,NA,NA,NA,NA,NA,NA
2539645,Brandon Williams,FA,TE,28,3,NA,0.03,0.03,0.03,NA,70,0,0,0,NA,NA,NA,NA,NA,NA
2541187,Demetrius Harris,KC,TE,24,2,9,0.03,0.03,0.03,NA,70,0,0,0,NA,NA,NA,NA,NA,NA
2541828,Frankie Hammond,KC,WR,NA,NA,9,0.03,0.03,0.03,NA,127,0.02,0,0,NA,NA,NA,NA,NA,NA
2550355,Nic Jacobs,JAC,TE,24,1,8,0.03,0.03,0.03,NA,70,0.005,0,0,NA,NA,NA,NA,NA,NA
2552633,Jesse James,PIT,TE,21,0,11,0.03,0.03,0.03,NA,70,0.01,0,0,NA,NA,NA,NA,NA,NA
2506481,Dan Orlovsky,DET,QB,32,10,9,0.028,0.028,0.028,NA,46,0.012,0,0,NA,NA,NA,NA,NA,NA
2507405,Matthew Mulligan,BUF,TE,30,7,8,0.02,0.02,0.02,NA,75,0.005,0,0,NA,54.8,6.6,7.095201747,NA,NA
2543590,Cody Latimer,DEN,WR,23,1,7,0.02,0.02,0.02,NA,128,0.02,0,0,NA,NA,NA,NA,NA,NA
2550481,Orleans Darkwa,NYG,RB,23,1,11,0.02,0.02,0.02,NA,103,0.005,0,0,NA,NA,NA,NA,NA,NA
2552477,Aaron Ripkowski,GB,RB,NA,NA,7,0.02,0.02,0.02,NA,103,0.01,0,0,NA,NA,NA,NA,NA,NA
2553446,Malcolm Johnson,CLE,TE,23,0,11,0.02,0.02,0.02,NA,75,0.015,0,0,NA,NA,NA,NA,NA,NA
2495863,Tarvaris Jackson,SEA,QB,32,9,9,0.016,0.016,0.016,NA,47,0,0,0,NA,NA,NA,NA,NA,NA
2533436,Brock Osweiler,DEN,QB,25,3,7,0.016,0.016,0.016,NA,47,0.002,0,0,NA,NA,NA,NA,NA,NA
2539961,Ryan Nassib,NYG,QB,25,2,11,0.016,0.016,0.016,NA,47,0.004,0,0,NA,38,9,8.767648449,NA,NA
2507282,Matt Moore,MIA,QB,31,8,5,0.012,0.012,0.012,NA,50,0,0,0,NA,NA,NA,NA,NA,NA
2543497,AJ McCarron,CIN,QB,25,1,7,0.012,0.012,0.012,NA,50,0.006,0,0,NA,NA,NA,NA,NA,NA
2543801,Jimmy Garoppolo,NE,QB,24,1,4,0.012,0.012,0.012,NA,50,0.012,0,0,NA,NA,NA,NA,NA,NA
79629,Cedric Peerman,CIN,RB,29,6,7,0.01,0.01,0.01,NA,106,0,0,0,NA,NA,NA,NA,NA,NA
2508020,Richie Brockel,CAR,TE,29,5,5,0.01,0.01,0.01,NA,77,0.01,0,0,NA,NA,NA,NA,NA,NA
2527672,Will Tukuafu,SEA,RB,31,5,9,0.01,0.01,0.01,NA,106,0.005,0,0,NA,NA,NA,NA,NA,NA
2552636,Michael Burton,DET,RB,23,0,9,0.01,0.01,0.01,NA,106,0.01,0,0,NA,NA,NA,NA,NA,NA
4383,Tim Hightower,NO,RB,29,7,11,0,0,0,NA,110,0,0,0,NA,NA,NA,NA,NA,NA
4487,Matthew Slater,NE,WR,30,7,4,0,0,0,NA,129,0,0,0,NA,NA,NA,NA,NA,NA
71255,Chase Coffman,FA,TE,29,6,NA,0,0,0,NA,78,0,0,0,NA,NA,NA,NA,NA,NA
89798,Antone Smith,CHI,RB,30,6,7,0,0,0,NA,110,0,0,0,NA,84.3,1.2,1.676442004,NA,NA
497121,Thad Lewis,PHI,QB,28,5,8,0,0,0,NA,54,0,0,0,NA,NA,NA,NA,NA,NA
497123,Colt McCoy,WAS,QB,29,5,8,0,0,0,NA,54,0,0,0,NA,NA,NA,NA,NA,NA
497260,Seyi Ajirotutu,PHI,WR,28,5,8,0,0,0,NA,129,0,0,0,NA,NA,NA,NA,NA,NA
497286,Marcus Easley,BUF,WR,28,5,8,0,0,0,NA,129,0,0,0,NA,NA,NA,NA,NA,NA
497312,Preston Parker,FA,WR,28,5,NA,0,0,0,NA,129,0,0,0,NA,NA,NA,NA,NA,NA
1037347,Joe Webb,CAR,QB,29,5,5,0,0,0,NA,54,0,0,0,NA,NA,NA,NA,NA,NA
2495150,Kai Forbath,FA,K,28,4,NA,0,0,0,NA,29,0,0,0,NA,NA,NA,NA,NA,NA
2495472,Jordan Todman,PIT,RB,25,4,11,0,0,0,NA,110,0,0,0,NA,NA,NA,NA,NA,NA
2495974,Charlie Whitehurst,TEN,QB,33,9,4,0,0,0,NA,54,0,0,0,NA,NA,NA,NA,NA,NA
2504941,Billy Cundiff,BUF,K,35,13,8,0,0,0,NA,29,0,0,0,NA,NA,NA,NA,NA,NA
2507029,Eric Weems,ATL,WR,30,8,10,0,0,0,NA,129,0,0,0,NA,NA,NA,NA,NA,NA
2507596,Marcus Thigpen,IND,RB,29,6,10,0,0,0,NA,110,0,0,0,NA,NA,NA,NA,NA,NA
2507902,Marlon Moore,CLE,WR,28,5,11,0,0,0,NA,129,0,0,0,NA,NA,NA,NA,NA,NA
2528181,Bryan Walters,JAC,WR,28,5,8,0,0,0,NA,129,0,0,0,NA,78,10.9,6.45026103,NA,NA
2531332,Terrelle Pryor,FA,WR,26,4,NA,0,0,0,NA,129,0,0,0,NA,NA,NA,NA,NA,NA
2533036,LaMichael James,FA,RB,26,3,NA,0,0,0,NA,110,0,0,0,NA,NA,NA,NA,NA,NA
2533349,Austin Davis,CLE,QB,26,3,11,0,0,0,NA,54,0,0,0,NA,NA,NA,NA,NA,NA
2533444,Randy Bullock,FA,K,26,3,NA,0,0,0,NA,29,NA,0,0,NA,NA,NA,NA,NA,NA
2534796,Bryce Brown,FA,RB,24,3,NA,0,0,0,NA,110,0,0,0,NA,NA,NA,NA,NA,NA
2535535,Phillip Supernaw,TEN,TE,25,3,4,0,0,0,NA,78,0,0,0,NA,NA,NA,NA,NA,NA
2535890,Travaris Cadet,FA,RB,26,3,NA,0,0,0,NA,110,0,0,0,NA,NA,NA,NA,NA,NA
2536071,Cooper Helfet,SEA,TE,26,4,9,0,0,0,NA,78,0,0,0,NA,NA,NA,NA,NA,NA
2539287,Landry Jones,PIT,QB,26,2,11,0,0,0,NA,54,0,0,0,NA,41.5,11.5,10.53894335,NA,NA
2539308,Matt Barkley,ARI,QB,25,2,9,0,0,0,NA,54,0,0,0,NA,NA,NA,NA,NA,NA
2541429,B.J. Daniels,SEA,WR,26,2,9,0,0,0,NA,129,0,0,0,NA,NA,NA,NA,NA,NA
2543587,Aaron Murray,KC,QB,25,1,9,0,0,0,NA,54,0,0,0,NA,NA,NA,NA,NA,NA
2543664,Terrance West,TEN,RB,24,1,4,0,0,0,NA,110,0,0,0,NA,68.1,4.9,4.552270993,NA,NA
2543689,Kevin Norwood,CAR,WR,26,1,5,0,0,0,NA,129,0,0,0,NA,NA,NA,NA,NA,NA
2543751,David Fales,CHI,QB,25,1,7,0,0,0,NA,54,0,0,0,NA,NA,NA,NA,NA,NA
2543767,Logan Thomas,FA,QB,24,1,NA,0,0,0,NA,54,0,0,0,NA,NA,NA,NA,NA,NA
2543792,Matt Hazel,MIA,WR,23,1,5,0,0,0,NA,129,0,0,0,NA,NA,NA,NA,NA,NA
2543836,T.J. Jones,DET,WR,23,1,9,0,0,0,NA,129,0,0,0,NA,NA,NA,NA,NA,NA
2550284,Trey Burton,PHI,TE,24,1,8,0,0,0,NA,78,0,0,0,NA,NA,NA,NA,NA,NA
2550376,Stephen Morris,FA,QB,23,1,NA,0,0,0,NA,54,0,0,0,NA,NA,NA,NA,NA,NA
2550738,Fitzgerald Toussaint,BAL,RB,25,1,9,0,0,0,NA,110,0,0,0,NA,NA,NA,NA,NA,NA
2551359,Jerome Cunningham,NYG,TE,24,1,11,0,0,0,NA,78,0,0,0,NA,NA,NA,NA,NA,NA
2552369,Bryce Petty,NYJ,QB,24,0,5,0,0,0,NA,54,0,0,0,NA,NA,NA,NA,NA,NA
2552371,Garrett Grayson,NO,QB,24,0,11,0,0,0,NA,54,0,0,0,NA,NA,NA,NA,NA,NA
2552383,Terrence Magee,BAL,RB,22,0,9,0,0,0,NA,110,0,0,0,NA,NA,NA,NA,NA,NA
2552403,Nick OLeary,BUF,TE,23,0,8,0,0,0,NA,78,0,0,0,NA,NA,NA,NA,NA,NA
2552418,Justin Hardy,ATL,WR,24,0,10,0,0,0,NA,129,0,0,0,NA,NA,NA,NA,NA,NA
2552427,Tony Lippett,MIA,WR,23,0,5,0,0,0,NA,129,0,0,0,NA,NA,NA,NA,NA,NA
2552470,Sammie Coates,PIT,WR,22,0,11,0,0,0,NA,129,0,0,0,NA,NA,NA,NA,NA,NA
2552478,Blake Bell,SF,TE,24,0,10,0,0,0,NA,78,0,0,0,NA,58.3,7,7.452218073,NA,NA
2552559,C.J. Uzomah,CIN,TE,22,0,7,0,0,0,NA,78,0,0,0,NA,NA,NA,NA,NA,NA
2552588,Brett Hundley,GB,QB,22,0,7,0,0,0,NA,54,0,0,0,NA,NA,NA,NA,NA,NA
2552647,Marcus Murphy,NO,RB,24,0,11,0,0,0,NA,110,0,0,0,NA,NA,NA,NA,NA,NA
2552650,Mario Alford,CIN,WR,NA,NA,7,0,0,0,NA,129,0,0,0,NA,NA,NA,NA,NA,NA
2552656,J.J. Nelson,ARI,WR,23,0,9,0,0,0,NA,129,NA,0,0,NA,NA,NA,NA,NA,NA
2553292,Kennard Backman,GB,TE,22,0,7,0,0,0,NA,78,0,0,0,NA,NA,NA,NA,NA,NA
2553457,Trevor Siemian,DEN,QB,NA,NA,7,0,0,0,NA,54,NA,0,0,NA,NA,NA,NA,NA,NA
2553650,Corey Grant,JAC,RB,NA,NA,8,0,0,0,NA,110,NA,0,0,NA,86.3,8.4,7.272649767,NA,NA
2553791,E.J. Bibbs,CLE,TE,24,0,11,0,0,0,NA,78,NA,0,0,NA,NA,NA,NA,NA,NA
