playerId,player,team,position,age,exp,bye,points,lower,upper,sdPts,positionRank,dropoff,tier,ptSpread,overallECR,positionECR,sdRank,risk,sleeper,salary
2504211,Tom Brady,NE,QB,40,17,9,20.36,20.36,20.36,NA,1,1.76,1,0,NA,1.2,0.6,2.073136008,NA,NA
2504775,Drew Brees,NO,QB,38,16,5,19.82,19.82,19.82,NA,2,2.475,1,0,NA,5.9,2,5.051574696,NA,NA
2532820,Kirk Cousins,WAS,QB,29,5,5,17.38,17.38,17.38,NA,3,0.215,1,0,NA,8.9,1.6,4.200592214,NA,NA
2506340,Alex Smith,KC,QB,33,12,10,17.31,17.31,17.31,NA,4,0.395,0,0,NA,3.7,1.2,3.349609732,NA,NA
2555259,Carson Wentz,PHI,QB,25,1,10,17.02,17.02,17.02,NA,5,0.755,0,0,NA,3,1.1,3.136864111,NA,NA
2532975,Russell Wilson,SEA,QB,29,5,6,16.81,16.81,16.81,NA,6,1.13,0,0,NA,2.6,1,2.924118491,NA,NA
2557917,Kareem Hunt,KC,RB,22,0,10,15.97,15.97,15.97,NA,1,0.775,1,0,NA,2.4,1.4,3.128584516,NA,NA
79860,Matthew Stafford,DET,QB,29,8,7,15.72,15.72,15.72,NA,7,0.565,0,0,NA,8.6,1.9,4.838829075,NA,NA
2540175,LeVeon Bell,PIT,RB,25,4,9,15.67,15.67,15.67,NA,2,1.225,1,0,NA,1.4,1,2.9004404,NA,NA
2555260,Dak Prescott,DAL,QB,24,1,6,15.64,15.64,15.64,NA,8,1.71,0,0,NA,6.5,1.9,4.838829075,NA,NA
2552475,Todd Gurley,LAR,RB,23,2,8,14.72,14.72,14.72,NA,3,0.73,1,0,NA,4,1.5,3.185620545,NA,NA
310,Matt Ryan,ATL,QB,32,9,5,14.67,14.67,14.67,NA,9,1.555,0,0,NA,12.2,1.9,4.838829075,NA,NA
2495466,Mark Ingram,NO,RB,28,6,5,14.17,14.17,14.17,NA,4,0.65,0,0,NA,3.8,1.5,3.185620545,NA,NA
100015,Jaguars,JAC,DST,NA,NA,8,14,14,14,NA,1,0.95,1,0,NA,1.1,0.3,0.523946768,NA,NA
2552469,Melvin Gordon,LAC,RB,24,2,9,13.81,13.81,13.81,NA,5,1.065,0,0,NA,6.3,1.8,3.356728632,NA,NA
2552453,Tevin Coleman,ATL,RB,24,2,5,13.23,13.23,13.23,NA,6,1,0,0,NA,10.6,2.2,3.584872748,NA,NA
100002,Ravens,BAL,DST,NA,NA,10,13.2,13.2,13.2,NA,2,0.35,1,0,NA,3.3,2.1,4.059888506,NA,NA
2543499,Derek Carr,OAK,QB,26,3,10,13.19,13.19,13.19,NA,10,0.175,0,0,NA,6.8,1.8,4.626083455,NA,NA
2506109,Ben Roethlisberger,PIT,QB,35,13,9,13.04,13.04,13.04,NA,11,0.05,0,0,NA,9.3,1.9,4.838829075,NA,NA
2495824,Jay Cutler,MIA,QB,34,11,1,12.99,12.99,12.99,NA,12,0.04,0,0,NA,16.4,1.8,4.626083455,NA,NA
2506121,Philip Rivers,LAC,QB,36,13,9,12.99,12.99,12.99,NA,12,0.175,0,0,NA,13.2,3.2,7.604522142,NA,NA
2543477,Blake Bortles,JAC,QB,26,3,8,12.91,12.91,12.91,NA,14,0.25,0,0,NA,14.7,2.1,5.264320316,NA,NA
100006,Bengals,CIN,DST,NA,NA,6,12.9,12.9,12.9,NA,3,0.15,1,0,NA,8.4,2.7,5.238535752,NA,NA
100027,Steelers,PIT,DST,NA,NA,9,12.8,12.8,12.8,NA,4,0.3,1,0,NA,8.9,2.6,5.042094545,NA,NA
2555334,Jared Goff,LAR,QB,23,1,8,12.72,12.72,12.72,NA,15,0.125,0,0,NA,11.7,2.3,5.689811557,NA,NA
100013,Texans,HOU,DST,NA,NA,7,12.7,12.7,12.7,NA,5,0.55,0,0,NA,10.5,3.2,6.220741791,NA,NA
2532888,Case Keenum,MIN,QB,29,5,9,12.6,12.6,12.6,NA,16,0.015,0,0,NA,17.9,1.9,4.838829075,NA,NA
2495441,Blaine Gabbert,ARI,QB,28,6,8,12.59,12.59,12.59,NA,17,0.785,0,0,NA,21.6,2.5,6.115302799,NA,NA
2506581,Ryan Fitzpatrick,TB,QB,35,12,1,12.58,12.58,12.58,NA,18,1.645,0,0,NA,17.2,2.2,5.477065937,NA,NA
100011,Packers,GB,DST,NA,NA,8,12.3,12.3,12.3,NA,6,0.4,0,0,NA,16.4,2.2,4.256329714,NA,NA
2558019,Alvin Kamara,NO,RB,21,0,5,12.26,12.26,12.26,NA,7,0.495,0,0,NA,7.7,1.5,3.185620545,NA,NA
2557973,Leonard Fournette,JAC,RB,21,0,8,12.2,12.2,12.2,NA,8,1.125,0,0,NA,5.5,1.9,3.413764661,NA,NA
2508061,Antonio Brown,PIT,WR,29,7,9,12.03,12.03,12.03,NA,1,1.95,1,0,NA,1.1,0.6,1.45591154,NA,NA
100016,Chiefs,KC,DST,NA,NA,10,12,12,12,NA,7,0.3,0,0,NA,5.9,3.4,6.613624206,NA,NA
100019,Dolphins,MIA,DST,NA,NA,1,11.8,11.8,11.8,NA,8,0.3,0,0,NA,14.9,3.3,6.417182998,NA,NA
100009,Broncos,DEN,DST,NA,NA,5,11.6,11.6,11.6,NA,9,0.25,0,0,NA,6.3,3,5.827859375,NA,NA
100010,Lions,DET,DST,NA,NA,7,11.4,11.4,11.4,NA,10,0.3,0,0,NA,6.5,2.8,5.43497696,NA,NA
2540011,Chris Thompson,WAS,RB,27,4,5,11.33,11.33,11.33,NA,9,0.585,0,0,NA,15.5,3.5,4.326341124,NA,NA
100026,Cardinals,ARI,DST,NA,NA,8,11.3,11.3,11.3,NA,11,0.55,0,0,NA,4.2,2.9,5.631418168,NA,NA
497240,Rob Gronkowski,NE,TE,28,7,9,11.22,11.22,11.22,NA,1,2.455,1,0,NA,1.9,0.6,2.442778391,NA,NA
2495143,Andy Dalton,CIN,QB,30,6,6,11.03,11.03,11.03,NA,19,0.48,0,0,NA,21.1,1.7,4.413337834,NA,NA
100028,Chargers,LAC,DST,NA,NA,9,10.9,10.9,10.9,NA,12,0.35,0,0,NA,10.8,4.6,8.970918698,NA,NA
2495454,Julio Jones,ATL,WR,28,6,5,10.86,10.86,10.86,NA,2,1.665,1,0,NA,5,2.6,2.66526874,NA,NA
2552466,Marcus Mariota,TEN,QB,24,2,8,10.84,10.84,10.84,NA,20,1.06,0,0,NA,15,2.2,5.477065937,NA,NA
2552374,Ameer Abdullah,DET,RB,24,2,7,10.82,10.82,10.82,NA,10,0.225,0,0,NA,24,3.3,4.212269066,NA,NA
2533034,Lamar Miller,HOU,RB,26,5,7,10.67,10.67,10.67,NA,11,0.175,0,0,NA,14,2.9,3.98412495,NA,NA
100031,Buccaneers,TB,DST,NA,NA,1,10.6,10.6,10.6,NA,13,0.15,0,0,NA,18.8,3.4,6.613624206,NA,NA
79607,LeSean McCoy,BUF,RB,29,8,6,10.52,10.52,10.52,NA,12,0.535,0,0,NA,6.1,1.8,3.356728632,NA,NA
100030,Seahawks,SEA,DST,NA,NA,6,10.5,10.5,10.5,NA,14,0.25,0,0,NA,9.4,3,5.827859375,NA,NA
2555418,Jordan Howard,CHI,RB,23,1,9,10.47,10.47,10.47,NA,13,1.08,0,0,NA,8.7,1.8,3.356728632,NA,NA
100021,Patriots,NE,DST,NA,NA,9,10.4,10.4,10.4,NA,15,1.3,0,0,NA,19.4,2.4,4.649212129,NA,NA
382,Joe Flacco,BAL,QB,32,9,10,10.26,10.26,10.26,NA,21,1.375,0,0,NA,21.1,1.9,4.838829075,NA,NA
100025,Eagles,PHI,DST,NA,NA,10,10.1,10.1,10.1,NA,16,2.35,0,0,NA,11.6,3.8,7.399389037,NA,NA
2532899,Doug Martin,TB,RB,28,5,1,9.5,9.5,9.5,NA,14,0.225,0,0,NA,18.9,3.7,4.440413182,NA,NA
2540158,Zach Ertz,PHI,TE,27,4,10,9.31,9.31,9.31,NA,2,1.315,1,0,NA,2.9,0.6,2.442778391,NA,NA
2543498,Brandin Cooks,NE,WR,24,3,9,9.3,9.3,9.3,NA,3,0.245,1,0,NA,7.7,3.6,3.26994734,NA,NA
2558008,Mitchell Trubisky,CHI,QB,23,0,9,9.3,9.3,9.3,NA,22,0.885,0,0,NA,NA,NA,NA,NA,NA
2550189,Isaiah Crowell,CLE,RB,24,3,9,9.28,9.28,9.28,NA,15,0.035,0,0,NA,20.8,3.2,4.155233037,NA,NA
2550481,Orleans Darkwa,NYG,RB,25,3,8,9.27,9.27,9.27,NA,16,0.08,0,0,NA,17.9,3.2,4.155233037,NA,NA
2507164,Adrian Peterson,ARI,RB,32,10,8,9.22,9.22,9.22,NA,17,0.32,0,0,NA,13.7,3.5,4.326341124,NA,NA
2552582,Jay Ajayi,PHI,RB,24,2,10,9.16,9.16,9.16,NA,18,0.55,0,0,NA,13.1,4.8,5.067809501,NA,NA
2556370,Michael Thomas,NO,WR,23,1,5,9.09,9.09,9.09,NA,4,0.155,1,0,NA,5.7,3,2.90714018,NA,NA
2533039,Alshon Jeffery,PHI,WR,27,5,10,9.02,9.02,9.02,NA,5,0.175,0,0,NA,16.8,4.4,3.753690219,NA,NA
2552409,DeVante Parker,MIA,WR,24,2,1,8.85,8.85,8.85,NA,6,0.1,0,0,NA,20.7,3,2.90714018,NA,NA
2543468,Mike Evans,TB,WR,24,3,1,8.84,8.84,8.84,NA,7,0.305,0,0,NA,4.2,3.6,3.26994734,NA,NA
2540154,Keenan Allen,LAC,WR,25,4,9,8.66,8.66,8.66,NA,8,0.255,0,0,NA,22.2,3.2,3.0280759,NA,NA
2495207,DeMarco Murray,TEN,RB,29,6,8,8.64,8.64,8.64,NA,19,0.145,0,0,NA,15.3,3.1,4.098197008,NA,NA
2543715,Jerick McKinnon,MIN,RB,25,3,9,8.58,8.58,8.58,NA,20,0.23,0,0,NA,14,2.5,3.755980835,NA,NA
2558191,Nathan Peterman,BUF,QB,23,0,6,8.47,8.47,8.47,NA,23,0.755,0,0,NA,24.5,2.6,6.328048419,NA,NA
2533457,Alfred Morris,DAL,RB,29,5,6,8.41,8.41,8.41,NA,21,0.245,0,0,NA,27.2,4.7,5.010773472,NA,NA
2540165,DeAndre Hopkins,HOU,WR,25,4,7,8.41,8.41,8.41,NA,9,0.075,0,0,NA,8.9,3.8,3.390883059,NA,NA
2558149,JuJu Smith-Schuster,PIT,WR,21,0,9,8.4,8.4,8.4,NA,10,0.135,0,0,NA,18.5,3.9,3.451350919,NA,NA
2505996,Eli Manning,NYG,QB,36,13,8,8.36,8.36,8.36,NA,24,1.41,0,0,NA,16.9,3,7.179030901,NA,NA
2557976,Joe Mixon,CIN,RB,21,0,6,8.29,8.29,8.29,NA,22,0.4,0,0,NA,19.1,4,4.611521269,NA,NA
2495450,A.J. Green,CIN,WR,29,6,6,8.27,8.27,8.27,NA,11,0.015,0,0,NA,8.8,3.7,3.330415199,NA,NA
497322,Emmanuel Sanders,DEN,WR,30,7,5,8.26,8.26,8.26,NA,12,0.015,0,0,NA,24.8,3.4,3.14901162,NA,NA
71269,Michael Crabtree,OAK,WR,30,8,10,8.25,8.25,8.25,NA,13,0.075,0,0,NA,9.5,3.5,3.20947948,NA,NA
2530747,Doug Baldwin,SEA,WR,29,6,6,8.24,8.24,8.24,NA,14,0.18,0,0,NA,4.7,2.5,2.60480088,NA,NA
2540258,Travis Kelce,KC,TE,28,4,10,8.22,8.22,8.22,NA,3,0.525,1,0,NA,1.3,0.5,2.383786212,NA,NA
2543488,Jarvis Landry,MIA,WR,25,3,1,8.11,8.11,8.11,NA,15,0.125,0,0,NA,20.2,3.2,3.0280759,NA,NA
100005,Bears,CHI,DST,NA,NA,9,8.1,8.1,8.1,NA,17,0.7,0,0,NA,16.4,3.9,7.595830244,NA,NA
2550512,Damien Williams,MIA,RB,25,3,1,8.04,8.04,8.04,NA,23,0.335,0,0,NA,32.6,3.6,4.383377153,NA,NA
2552608,Stefon Diggs,MIN,WR,24,2,9,8.01,8.01,8.01,NA,16,0.075,0,0,NA,15.1,4.2,3.632754499,NA,NA
497328,Demaryius Thomas,DEN,WR,30,7,5,7.96,7.96,7.96,NA,17,0.095,0,0,NA,22.7,3,2.90714018,NA,NA
497278,Dez Bryant,DAL,WR,29,7,6,7.91,7.91,7.91,NA,18,0.13,0,0,NA,14.6,4.5,3.814158079,NA,NA
2506106,Larry Fitzgerald,ARI,WR,34,13,8,7.82,7.82,7.82,NA,19,0.095,0,0,NA,17.7,3.2,3.0280759,NA,NA
2495826,Vernon Davis,WAS,TE,33,11,5,7.77,7.77,7.77,NA,4,0.79,0,0,NA,8.9,2.9,3.799598525,NA,NA
2495469,Dion Lewis,NE,RB,27,6,9,7.74,7.74,7.74,NA,24,0.085,0,0,NA,22.3,3.8,4.497449211,NA,NA
2552487,Amari Cooper,OAK,WR,23,2,10,7.74,7.74,7.74,NA,20,0.08,0,0,NA,15.4,4,3.511818779,NA,NA
497326,Golden Tate,DET,WR,29,7,7,7.71,7.71,7.71,NA,21,0.165,0,0,NA,12.7,3.2,3.0280759,NA,NA
2558138,Samaje Perine,WAS,RB,22,0,5,7.67,7.67,7.67,NA,25,0.14,0,0,NA,32.7,4.1,4.668557298,NA,NA
2555430,Alex Collins,BAL,RB,23,1,10,7.64,7.64,7.64,NA,26,0.265,0,0,NA,28.1,3.6,4.383377153,NA,NA
2557858,Evan Engram,NYG,TE,23,0,8,7.62,7.62,7.62,NA,5,1.395,0,0,NA,4.2,0.7,2.501770571,NA,NA
2556214,Tyreek Hill,KC,WR,23,1,10,7.61,7.61,7.61,NA,22,0.185,0,0,NA,5.9,3.4,3.14901162,NA,NA
2507166,Ted Ginn,NO,WR,32,10,5,7.48,7.48,7.48,NA,23,0.19,0,0,NA,33.1,3.6,3.26994734,NA,NA
4327,Danny Woodhead,BAL,RB,32,9,10,7.42,7.42,7.42,NA,27,0.1,0,0,NA,42.5,8.2,7.007034487,NA,NA
100001,Falcons,ATL,DST,NA,NA,5,7.4,7.4,7.4,NA,18,0,0,0,NA,21.7,1.9,3.667006091,NA,NA
100020,Vikings,MIN,DST,NA,NA,9,7.4,7.4,7.4,NA,18,0.25,0,0,NA,15.8,3.2,6.220741791,NA,NA
100022,Saints,NO,DST,NA,NA,5,7.4,7.4,7.4,NA,18,0.6,0,0,NA,9.9,2.3,4.452770921,NA,NA
2543491,Paul Richardson,SEA,WR,25,3,6,7.37,7.37,7.37,NA,24,0.17,0,0,NA,37.9,3.8,3.390883059,NA,NA
2539265,Rex Burkhead,NE,RB,27,4,9,7.33,7.33,7.33,NA,28,0.175,0,0,NA,26.9,3.5,4.326341124,NA,NA
2495663,Marshawn Lynch,OAK,RB,31,10,10,7.31,7.31,7.31,NA,29,0.5,0,0,NA,23.1,5.3,5.352989646,NA,NA
2540202,Kenny Stills,MIA,WR,25,4,1,7.21,7.21,7.21,NA,25,0.03,0,0,NA,46.8,4.2,3.632754499,NA,NA
80429,Jeremy Maclin,BAL,WR,29,8,10,7.19,7.19,7.19,NA,26,0.13,0,0,NA,28.3,4.2,3.632754499,NA,NA
2543475,Marqise Lee,JAC,WR,26,3,8,7.17,7.17,7.17,NA,27,0.31,0,0,NA,26.2,3.2,3.0280759,NA,NA
2533436,Brock Osweiler,DEN,QB,27,5,5,7.07,7.07,7.07,NA,25,0.965,0,0,NA,25.4,2,5.051574696,NA,NA
2555230,Kenyan Drake,MIA,RB,NA,1,1,7,7,7,NA,30,0.425,0,0,NA,21.3,3.9,4.55448524,NA,NA
2532884,Marvin Jones,DET,WR,27,5,7,6.95,6.95,6.95,NA,28,0.245,0,0,NA,25.6,3.2,3.0280759,NA,NA
100008,Cowboys,DAL,DST,NA,NA,6,6.9,6.9,6.9,NA,21,0.25,0,0,NA,24.2,2.2,4.256329714,NA,NA
2557983,DeShone Kizer,CLE,QB,21,0,9,6.83,6.83,6.83,NA,26,1.785,0,0,NA,27.9,1.6,4.200592214,NA,NA
2555343,Josh Doctson,WAS,WR,NA,1,5,6.77,6.77,6.77,NA,29,0.135,0,0,NA,43.7,3.3,3.08854376,NA,NA
100017,Rams,LAR,DST,NA,NA,8,6.7,6.7,6.7,NA,22,0.4,0,0,NA,13.5,3.9,7.595830244,NA,NA
1032,Jordy Nelson,GB,WR,32,9,8,6.64,6.64,6.64,NA,30,0.015,0,0,NA,40,3.9,3.451350919,NA,NA
2541785,Adam Thielen,MIN,WR,27,3,9,6.63,6.63,6.63,NA,31,0.2,0,0,NA,11.5,2.9,2.84667232,NA,NA
2552600,Nelson Agholor,PHI,WR,24,2,10,6.62,6.62,6.62,NA,32,0.47,0,0,NA,33,3.7,3.330415199,NA,NA
2540269,C.J. Anderson,DEN,RB,26,4,5,6.62,6.62,6.62,NA,31,0.25,0,0,NA,30.1,2.9,3.98412495,NA,NA
100003,Bills,BUF,DST,NA,NA,6,6.6,6.6,6.6,NA,23,0.65,0,0,NA,18.5,2.6,5.042094545,NA,NA
2543773,James White,NE,RB,25,3,9,6.53,6.53,6.53,NA,32,0.46,0,0,NA,34.7,4.1,4.668557298,NA,NA
497236,Jimmy Graham,SEA,TE,31,7,6,6.34,6.34,6.34,NA,6,0.255,0,0,NA,4.9,0.6,2.442778391,NA,NA
2543457,Sammy Watkins,LAR,WR,24,3,8,6.24,6.24,6.24,NA,33,0.215,0,0,NA,41.8,4.4,3.753690219,NA,NA
2541161,Latavius Murray,MIN,RB,27,4,9,6.21,6.21,6.21,NA,33,0.3,0,0,NA,24.1,4.3,4.782629356,NA,NA
71265,Jared Cook,OAK,TE,30,8,10,6.11,6.11,6.11,NA,7,0.24,0,0,NA,6.6,1.9,3.209676728,NA,NA
1581,DeSean Jackson,TB,WR,31,9,1,6.06,6.06,6.06,NA,34,0.07,0,0,NA,29.6,2.6,2.66526874,NA,NA
2555415,Austin Hooper,ATL,TE,NA,1,5,6.06,6.06,6.06,NA,8,0.385,0,0,NA,13.5,1.9,3.209676728,NA,NA
100012,Titans,TEN,DST,NA,NA,8,6,6,6,NA,24,0.35,0,0,NA,22.6,2,3.863447298,NA,NA
2543495,Davante Adams,GB,WR,25,3,8,5.99,5.99,5.99,NA,35,0.07,0,0,NA,29.6,3.2,3.0280759,NA,NA
2550328,Brandon Coleman,NO,WR,25,3,5,5.99,5.99,5.99,NA,35,0.195,0,0,NA,66,5.2,4.237433099,NA,NA
2552461,Duke Johnson,CLE,RB,24,2,9,5.93,5.93,5.93,NA,34,0.075,0,0,NA,31.2,3.1,4.098197008,NA,NA
100032,Redskins,WAS,DST,NA,NA,5,5.9,5.9,5.9,NA,25,0.55,0,0,NA,25.8,1.3,2.488358845,NA,NA
2558204,Jamaal Williams,GB,RB,NA,0,8,5.89,5.89,5.89,NA,35,0.11,0,0,NA,25.9,4.8,5.067809501,NA,NA
2539205,Terrance Williams,DAL,WR,28,4,6,5.85,5.85,5.85,NA,37,0.16,0,0,NA,54.1,4,3.511818779,NA,NA
2558250,Tarik Cohen,CHI,RB,22,0,9,5.82,5.82,5.82,NA,36,0.1,0,0,NA,49.7,4,4.611521269,NA,NA
2507763,Mike Wallace,BAL,WR,31,8,10,5.74,5.74,5.74,NA,38,0.12,0,0,NA,46.8,6.1,4.781643839,NA,NA
2540020,Theo Riddick,DET,RB,26,4,7,5.74,5.74,5.74,NA,37,0.255,0,0,NA,38.3,3.1,4.098197008,NA,NA
2556075,Derrick Henry,TEN,RB,23,1,8,5.7,5.7,5.7,NA,38,0.5,0,0,NA,34.3,3.2,4.155233037,NA,NA
2555341,Hunter Henry,LAC,TE,23,1,9,5.68,5.68,5.68,NA,9,0.06,0,0,NA,12.8,2.1,3.327661087,NA,NA
2495888,Marcedes Lewis,JAC,TE,33,11,8,5.67,5.67,5.67,NA,10,0.16,0,0,NA,18.9,2.8,3.740606345,NA,NA
2543847,John Brown,ARI,WR,27,3,8,5.64,5.64,5.64,NA,39,0.045,0,0,NA,48.7,6,4.721175979,NA,NA
2649,Danny Amendola,NE,WR,32,9,9,5.6,5.6,5.6,NA,40,0.08,0,0,NA,43.8,4.5,3.814158079,NA,NA
2540169,Robert Woods,LAR,WR,25,4,8,5.59,5.59,5.59,NA,41,0.195,0,0,NA,23.8,3,2.90714018,NA,NA
2552586,Tyler Kroft,CIN,TE,25,2,6,5.57,5.57,5.57,NA,11,0.275,0,0,NA,11.6,2.3,3.445645447,NA,NA
2495438,Kyle Rudolph,MIN,TE,28,6,9,5.45,5.45,5.45,NA,12,0.43,0,0,NA,8.8,1.6,3.032700189,NA,NA
2533040,Mohamed Sanu,ATL,WR,28,5,5,5.45,5.45,5.45,NA,42,0.275,0,0,NA,36.5,2.9,2.84667232,NA,NA
100018,Raiders,OAK,DST,NA,NA,10,5.4,5.4,5.4,NA,26,0.5,0,0,NA,27.7,0.6,1.113270391,NA,NA
2552588,Brett Hundley,GB,QB,24,2,8,5.38,5.38,5.38,NA,27,2.341,0,0,NA,24.2,2,5.051574696,NA,NA
2532903,Rishard Matthews,TEN,WR,28,5,8,5.34,5.34,5.34,NA,43,0.375,0,0,NA,33.9,4,3.511818779,NA,NA
100007,Browns,CLE,DST,NA,NA,9,5.3,5.3,5.3,NA,27,0.8,0,0,NA,23,1.7,3.274123675,NA,NA
2540168,Eddie Lacy,SEA,RB,26,4,6,5.27,5.27,5.27,NA,39,0.31,0,0,NA,59.4,6,5.752241849,NA,NA
2495966,Delanie Walker,TEN,TE,33,11,8,5.14,5.14,5.14,NA,13,0.26,0,0,NA,9.7,1.5,2.973708009,NA,NA
2553733,Thomas Rawls,SEA,RB,24,2,6,5.13,5.13,5.13,NA,40,0.395,0,0,NA,37.8,3.8,4.497449211,NA,NA
2535698,Cole Beasley,DAL,WR,28,5,6,5.01,5.01,5.01,NA,44,0.1,0,0,NA,63.2,4.8,3.995561659,NA,NA
2495448,Randall Cobb,GB,WR,27,6,8,4.92,4.92,4.92,NA,45,0.025,0,0,NA,48.7,3.9,3.451350919,NA,NA
2550656,Cameron Brate,TB,TE,26,3,1,4.9,4.9,4.9,NA,14,0.105,0,0,NA,8.3,1.9,3.209676728,NA,NA
2557898,Cooper Kupp,LAR,WR,24,0,8,4.9,4.9,4.9,NA,46,0.02,0,0,NA,36.9,2.7,2.7257366,NA,NA
2532933,Brian Quick,WAS,WR,28,5,5,4.89,4.89,4.89,NA,47,0.055,0,0,NA,114,12.8,8.832990458,NA,NA
2552415,Jamison Crowder,WAS,WR,24,2,5,4.87,4.87,4.87,NA,48,0.08,0,0,NA,31.9,3.3,3.08854376,NA,NA
2557856,O.J. Howard,TB,TE,23,0,1,4.86,4.86,4.86,NA,15,0.26,0,0,NA,29.5,4,4.448512502,NA,NA
2543471,Kelvin Benjamin,BUF,WR,26,3,6,4.8,4.8,4.8,NA,49,0.07,0,0,NA,37.8,3.9,3.451350919,NA,NA
2550268,Charcandrick West,KC,RB,26,3,10,4.79,4.79,4.79,NA,41,0.18,0,0,NA,56.9,4.5,4.896701414,NA,NA
2558052,Kenny Golladay,DET,WR,24,0,7,4.78,4.78,4.78,NA,50,0.115,0,0,NA,59.3,6.2,4.842111699,NA,NA
2505629,Jason Witten,DAL,TE,35,14,6,4.73,4.73,4.73,NA,16,0.29,0,0,NA,12,1.9,3.209676728,NA,NA
2543640,Tom Savage,HOU,QB,27,3,7,4.71,4.71,4.71,NA,28,3.539,0,0,NA,25.9,1.6,4.200592214,NA,NA
2495459,Torrey Smith,PHI,WR,28,6,10,4.68,4.68,4.68,NA,51,0.04,0,0,NA,77.8,8.8,6.414276058,NA,NA
2555223,Devontae Booker,DEN,RB,25,1,5,4.68,4.68,4.68,NA,42,0.255,0,0,NA,43,3.5,4.326341124,NA,NA
2555478,Demarcus Robinson,KC,WR,NA,1,10,4.65,4.65,4.65,NA,52,0.065,0,0,NA,65,8,5.930533179,NA,NA
2553913,Tyrell Williams,LAC,WR,NA,NA,9,4.63,4.63,4.63,NA,53,0.09,0,0,NA,53.8,3.9,3.451350919,NA,NA
2540156,Giovani Bernard,CIN,RB,26,4,6,4.54,4.54,4.54,NA,43,0.32,0,0,NA,52,4.9,5.12484553,NA,NA
2541966,Jaron Brown,ARI,WR,27,4,8,4.54,4.54,4.54,NA,54,0.035,0,0,NA,78,9.2,6.656147498,NA,NA
2552430,Tyler Lockett,SEA,WR,25,2,6,4.54,4.54,4.54,NA,54,0.13,0,0,NA,43.6,3.7,3.330415199,NA,NA
100023,Giants,NYG,DST,NA,NA,8,4.5,4.5,4.5,NA,28,NA,0,0,NA,26.6,0.9,1.702594014,NA,NA
497284,Eric Decker,TEN,WR,30,7,8,4.47,4.47,4.47,NA,56,0.17,0,0,NA,64,6,4.721175979,NA,NA
2495353,Julius Thomas,MIA,TE,29,6,1,4.47,4.47,4.47,NA,17,0.27,0,0,NA,19.3,2.3,3.445645447,NA,NA
2543466,Eric Ebron,DET,TE,24,3,7,4.41,4.41,4.41,NA,18,0.615,0,0,NA,18.3,1.9,3.209676728,NA,NA
497302,Brandon LaFell,CIN,WR,31,7,6,4.35,4.35,4.35,NA,57,0.115,0,0,NA,57.9,5.2,4.237433099,NA,NA
2556885,Jalen Richard,OAK,RB,24,1,10,4.31,4.31,4.31,NA,44,0.205,0,0,NA,49.9,3.4,4.269305095,NA,NA
2552656,J.J. Nelson,ARI,WR,25,2,8,4.25,4.25,4.25,NA,58,0.06,0,0,NA,78.6,7.8,5.809597459,NA,NA
2550617,Taylor Gabriel,ATL,WR,26,3,5,4.22,4.22,4.22,NA,59,0.095,0,0,NA,67.2,6.2,4.842111699,NA,NA
2550597,Seth Roberts,OAK,WR,NA,NA,10,4.16,4.16,4.16,NA,60,0.13,0,0,NA,82,10.9,7.684101118,NA,NA
2557952,Wayne Gallman,NYG,RB,23,0,8,4.13,4.13,4.13,NA,45,0.11,0,0,NA,53.7,4.4,4.839665385,NA,NA
2532790,Travis Benjamin,LAC,WR,28,5,9,4.09,4.09,4.09,NA,61,0.225,0,0,NA,62.8,5.9,4.660708119,NA,NA
2555464,DeAndre Washington,OAK,RB,24,1,10,4.08,4.08,4.08,NA,46,0.15,0,0,NA,52.9,4,4.611521269,NA,NA
2532838,Coby Fleener,NO,TE,29,5,5,3.99,3.99,3.99,NA,19,0.4,0,0,NA,24.8,4.7,4.86145776,NA,NA
2534436,Deonte Thompson,BUF,WR,28,5,6,3.97,3.97,3.97,NA,62,0.215,0,0,NA,68.4,6.7,5.144450999,NA,NA
925,Jamaal Charles,DEN,RB,31,9,5,3.96,3.96,3.96,NA,47,0.23,0,0,NA,46.4,3.5,4.326341124,NA,NA
2557994,DOnta Foreman,HOU,RB,21,0,7,3.9,3.9,3.9,NA,48,0.345,0,0,NA,48.9,4.7,5.010773472,NA,NA
2541388,Brice Butler,DAL,WR,27,4,6,3.76,3.76,3.76,NA,63,0.045,0,0,NA,82.2,8.6,6.293340338,NA,NA
2552418,Justin Hardy,ATL,WR,26,2,5,3.75,3.75,3.75,NA,64,0.135,0,0,NA,98.4,8.4,6.172404618,NA,NA
2552428,Tre McBride,CHI,WR,25,2,9,3.68,3.68,3.68,NA,65,0.145,0,0,NA,86.6,10.4,7.381761818,NA,NA
2552633,Jesse James,PIT,TE,23,2,9,3.6,3.6,3.6,NA,20,0.035,0,0,NA,31.5,3.9,4.389520322,NA,NA
2506122,Benjamin Watson,BAL,TE,37,13,10,3.58,3.58,3.58,NA,21,0.07,0,0,NA,17.3,1.7,3.091692368,NA,NA
2539217,Andre Ellington,ARI,RB,28,4,8,3.56,3.56,3.56,NA,49,0.035,0,0,NA,49.4,4.9,5.12484553,NA,NA
2495288,Virgil Green,DEN,TE,29,6,5,3.55,3.55,3.55,NA,22,0.19,0,0,NA,45.3,9.8,7.870058925,NA,NA
2552631,Javorius Allen,BAL,RB,26,2,10,3.55,3.55,3.55,NA,50,0.11,0,0,NA,38.2,5.7,5.581133762,NA,NA
2557848,Corey Davis,TEN,WR,22,0,8,3.55,3.55,3.55,NA,66,0.05,0,0,NA,35.8,4.2,3.632754499,NA,NA
2543836,T.J. Jones,DET,WR,25,3,7,3.52,3.52,3.52,NA,67,0.09,0,0,NA,NA,NA,NA,NA,NA
2507999,Chris Ivory,JAC,RB,29,7,8,3.5,3.5,3.5,NA,51,0.27,0,0,NA,56.6,3.5,4.326341124,NA,NA
2556592,Roger Lewis,NYG,WR,24,1,8,3.48,3.48,3.48,NA,68,0.14,0,0,NA,66.8,7.4,5.567726019,NA,NA
2505299,Antonio Gates,LAC,TE,37,14,9,3.47,3.47,3.47,NA,23,0.24,0,0,NA,35.4,4.9,4.979442119,NA,NA
2532977,Kendall Wright,CHI,WR,28,5,9,3.38,3.38,3.38,NA,69,0.145,0,0,NA,61,6.7,5.144450999,NA,NA
2552471,T.J. Yeldon,JAC,RB,24,2,8,3.38,3.38,3.38,NA,52,0.61,0,0,NA,48.3,3.5,4.326341124,NA,NA
2543759,Ryan Grant,WAS,WR,27,3,5,3.3,3.3,3.3,NA,70,0.175,0,0,NA,76.1,8.4,6.172404618,NA,NA
497238,Jermaine Gresham,ARI,TE,29,7,8,3.25,3.25,3.25,NA,24,0.14,0,0,NA,21.2,3.1,3.917582884,NA,NA
2541199,Luke Willson,SEA,TE,27,4,6,3.21,3.21,3.21,NA,25,0.245,0,0,NA,42.4,6.2,5.746340455,NA,NA
2543638,DeAnthony Thomas,KC,WR,24,3,10,3.17,3.17,3.17,NA,71,0.135,0,0,NA,88.1,6.6,5.083983139,NA,NA
2506922,Stephen Gostkowski,NE,K,33,11,9,3.1,3.1,3.1,NA,1,0.45,1,0,NA,1.6,0.9,0.692105859,NA,NA
2543572,Martavis Bryant,PIT,WR,26,3,9,3.08,3.08,3.08,NA,72,0.095,0,0,NA,53,7,5.325854579,NA,NA
497149,LeGarrette Blount,PHI,RB,31,7,10,3.08,3.08,3.08,NA,53,0.725,0,0,NA,44.1,5.2,5.295953617,NA,NA
1062,Martellus Bennett,NE,TE,30,9,9,3.01,3.01,3.01,NA,26,0.14,0,0,NA,25.4,3.2,3.976575064,NA,NA
2558262,Mack Hollins,PHI,WR,24,0,10,2.99,2.99,2.99,NA,73,0.015,0,0,NA,91.8,6.8,5.204918859,NA,NA
2543646,Bruce Ellington,HOU,WR,26,3,7,2.98,2.98,2.98,NA,74,0.04,0,0,NA,50.1,5.8,4.600240259,NA,NA
2558846,Mike Williams,LAC,WR,23,0,9,2.97,2.97,2.97,NA,75,0.075,0,0,NA,80.5,7.6,5.688661739,NA,NA
2558207,Jonnu Smith,TEN,TE,22,0,8,2.92,2.92,2.92,NA,27,0.105,0,0,NA,35.4,3.2,3.976575064,NA,NA
2556805,Johnny Holton,OAK,WR,26,1,10,2.91,2.91,2.91,NA,76,0.045,0,0,NA,113.4,11.7,8.167843998,NA,NA
2556752,Tommylee Lewis,NO,WR,25,1,5,2.88,2.88,2.88,NA,77,0.06,0,0,NA,NA,NA,NA,NA,NA
2552424,Phillip Dorsett,NE,WR,24,2,9,2.85,2.85,2.85,NA,78,0.075,0,0,NA,80.6,10.5,7.442229678,NA,NA
2540928,Darren Fells,DET,TE,31,5,7,2.82,2.82,2.82,NA,28,0.06,0,0,NA,36.9,4.7,4.86145776,NA,NA
2543721,C.J. Fiedorowicz,HOU,TE,26,3,7,2.81,2.81,2.81,NA,29,0.165,0,0,NA,19.2,2.9,3.799598525,NA,NA
2556404,Maurice Harris,WAS,WR,25,1,5,2.79,2.79,2.79,NA,79,0.055,0,0,NA,109,8.1,5.991001039,NA,NA
2530700,Dontrelle Inman,CHI,WR,28,4,9,2.76,2.76,2.76,NA,80,0.085,0,0,NA,45.1,6.8,5.204918859,NA,NA
2495139,Charles Clay,BUF,TE,28,6,6,2.71,2.71,2.71,NA,30,0.135,0,0,NA,15.1,2.2,3.386653267,NA,NA
2543590,Cody Latimer,DEN,WR,25,3,5,2.71,2.71,2.71,NA,81,0.085,0,0,NA,89.9,8.1,5.991001039,NA,NA
2558245,Harrison Butker,KC,K,22,0,10,2.7,2.7,2.7,NA,2,0.1,1,0,NA,2.6,2.1,3.407587769,NA,NA
2555295,Sterling Shepard,NYG,WR,NA,1,8,2.64,2.64,2.64,NA,82,0.035,0,0,NA,12.8,3.7,3.330415199,NA,NA
2555333,Corey Coleman,CLE,WR,23,1,9,2.61,2.61,2.61,NA,83,0.02,0,0,NA,57.9,8.8,6.414276058,NA,NA
71217,Kenny Britt,CLE,WR,29,8,9,2.6,2.6,2.6,NA,84,0.025,0,0,NA,85.1,8.1,5.991001039,NA,NA
2550545,Chris Boswell,PIT,K,28,3,9,2.6,2.6,2.6,NA,3,0.15,0,0,NA,8.6,2.5,4.312748406,NA,NA
2558172,Jake Elliott,PHI,K,22,0,10,2.6,2.6,2.6,NA,3,0.35,0,0,NA,3.6,2.3,3.860168087,NA,NA
2555214,Laquon Treadwell,MIN,WR,22,1,9,2.58,2.58,2.58,NA,85,0.015,0,0,NA,93.8,6.1,4.781643839,NA,NA
2557889,Gerald Everett,LAR,TE,23,0,8,2.58,2.58,2.58,NA,31,0.025,0,0,NA,30.1,6.1,5.687348276,NA,NA
2495187,Lance Kendricks,GB,TE,29,6,8,2.57,2.57,2.57,NA,32,0.04,0,0,NA,29.9,3.3,4.035567244,NA,NA
2555209,Chris Moore,BAL,WR,24,1,10,2.57,2.57,2.57,NA,86,0.015,0,0,NA,94.8,8.8,6.414276058,NA,NA
2495453,Andre Holmes,BUF,WR,29,6,6,2.56,2.56,2.56,NA,87,0.015,0,0,NA,91.6,10.2,7.260826098,NA,NA
2557034,Marvin Hall,ATL,WR,24,1,5,2.55,2.55,2.55,NA,88,0.025,0,0,NA,114.5,2.5,2.60480088,NA,NA
2533046,Dwayne Allen,NE,TE,27,5,9,2.54,2.54,2.54,NA,33,0.04,0,0,NA,49.3,13.8,10.22974611,NA,NA
2543500,Jordan Matthews,BUF,WR,25,3,6,2.54,2.54,2.54,NA,89,0.03,0,0,NA,56.7,6.7,5.144450999,NA,NA
497246,Michael Hoomanawanui,NO,TE,29,7,5,2.52,2.52,2.52,NA,34,0.055,0,0,NA,47.1,5.8,5.510371737,NA,NA
2532978,Jarius Wright,MIN,WR,28,5,9,2.51,2.51,2.51,NA,90,0.035,0,0,NA,97.9,6.6,5.083983139,NA,NA
2557863,Zay Jones,BUF,WR,22,0,6,2.51,2.51,2.51,NA,91,0.075,0,0,NA,80.8,10.7,7.563165398,NA,NA
2555364,Tyler Higbee,LAR,TE,24,1,8,2.48,2.48,2.48,NA,35,0.075,0,0,NA,28.8,3.4,4.094559423,NA,NA
2539663,Mike Gillislee,NE,RB,27,4,9,2.46,2.46,2.46,NA,54,0.22,0,0,NA,69.1,6.4,5.980385965,NA,NA
2557986,David Njoku,CLE,TE,21,0,9,2.45,2.45,2.45,NA,36,0.095,0,0,NA,23.6,3.1,3.917582884,NA,NA
2555348,Braxton Miller,HOU,WR,25,1,7,2.44,2.44,2.44,NA,92,0.095,0,0,NA,93.8,7.5,5.628193879,NA,NA
2557870,Taywan Taylor,TEN,WR,NA,0,8,2.43,2.43,2.43,NA,93,0.18,0,0,NA,96.3,9.6,6.898018938,NA,NA
2532835,Rhett Ellison,NYG,TE,29,5,8,2.36,2.36,2.36,NA,37,0.12,0,0,NA,51.4,6.4,5.864324815,NA,NA
2541187,Demetrius Harris,KC,TE,26,4,10,2.35,2.35,2.35,NA,38,0.27,0,0,NA,41.1,4.1,4.507504681,NA,NA
2506677,Matt Prater,DET,K,33,11,7,2.3,2.3,2.3,NA,5,0.1,0,0,NA,7.1,2.3,3.860168087,NA,NA
2552597,Breshad Perriman,BAL,WR,24,2,10,2.26,2.26,2.26,NA,94,0.05,0,0,NA,83.5,9.5,6.837551078,NA,NA
2556466,Peyton Barber,TB,RB,23,1,1,2.25,2.25,2.25,NA,55,0.055,0,0,NA,62.9,3.4,4.269305095,NA,NA
2557895,Dede Westbrook,JAC,WR,24,0,8,2.24,2.24,2.24,NA,95,0.07,0,0,NA,59.9,6.1,4.781643839,NA,NA
2559150,Corey Clement,PHI,RB,NA,0,10,2.23,2.23,2.23,NA,56,0.075,0,0,NA,47.8,5.2,5.295953617,NA,NA
2495150,Kai Forbath,MIN,K,30,6,9,2.2,2.2,2.2,NA,6,0,0,0,NA,8.8,2.7,4.765328724,NA,NA
2506194,Nick Novak,LAC,K,NA,NA,9,2.2,2.2,2.2,NA,6,0,0,0,NA,17.2,4.2,8.159681111,NA,NA
2534797,Greg Zuerlein,LAR,K,30,5,8,2.2,2.2,2.2,NA,6,0,0,0,NA,6.1,3.2,5.89677952,NA,NA
2553833,Josh Lambo,JAC,K,27,2,8,2.2,2.2,2.2,NA,6,0.05,0,0,NA,13,3.4,6.349359838,NA,NA
2556450,Nick Rose,WAS,K,23,1,5,2.2,2.2,2.2,NA,6,0.1,0,0,NA,18.8,2.7,4.765328724,NA,NA
2550163,Michael Campanaro,BAL,WR,26,3,10,2.18,2.18,2.18,NA,96,0.03,0,0,NA,110.1,11.6,8.107376138,NA,NA
2535964,Josh Bellamy,CHI,WR,28,5,9,2.16,2.16,2.16,NA,97,0.055,0,0,NA,78.6,6.8,5.204918859,NA,NA
2553650,Corey Grant,JAC,RB,NA,NA,8,2.16,2.16,2.16,NA,57,0.015,0,0,NA,78.1,5.2,5.295953617,NA,NA
2535708,Lance Dunbar,LAR,RB,27,5,8,2.15,2.15,2.15,NA,58,0.045,0,0,NA,62.8,3.6,4.383377153,NA,NA
2539235,Tavarres King,NYG,WR,27,4,8,2.14,2.14,2.14,NA,98,0.07,0,0,NA,67.4,6.8,5.204918859,NA,NA
2555461,Wendell Smallwood,PHI,RB,23,1,10,2.14,2.14,2.14,NA,59,0.205,0,0,NA,69.9,4.6,4.953737443,NA,NA
2550284,Trey Burton,PHI,TE,26,3,10,2.13,2.13,2.13,NA,39,0.14,0,0,NA,35.9,6.4,5.864324815,NA,NA
2504797,Matt Bryant,ATL,K,42,15,5,2.1,2.1,2.1,NA,11,0,0,0,NA,12.2,3.2,5.89677952,NA,NA
2506386,Mike Nugent,DAL,K,35,12,6,2.1,2.1,2.1,NA,11,0,0,0,NA,15.8,2.5,4.312748406,NA,NA
2532968,Blair Walsh,SEA,K,27,5,6,2.1,2.1,2.1,NA,11,0.05,0,0,NA,10.6,1.8,2.728717292,NA,NA
2550380,Cody Parkey,MIA,K,25,3,1,2.1,2.1,2.1,NA,11,0.1,0,0,NA,21.7,3.7,7.028230315,NA,NA
2541544,Benny Cunningham,CHI,RB,27,4,9,2.07,2.07,2.07,NA,60,0.325,0,0,NA,63.3,3.3,4.212269066,NA,NA
2555419,Pharoh Cooper,LAR,WR,22,1,8,2.07,2.07,2.07,NA,99,0.02,0,0,NA,115.4,12.5,8.651586878,NA,NA
2550256,Willie Snead,NO,WR,25,3,5,2.07,2.07,2.07,NA,100,0.05,0,0,NA,75.9,7,5.325854579,NA,NA
2541834,Josh Hill,NO,TE,27,4,5,2.03,2.03,2.03,NA,40,0.115,0,0,NA,41.8,5.2,5.156418658,NA,NA
2556519,Alex Erickson,CIN,WR,25,1,6,2.03,2.03,2.03,NA,101,0.045,0,0,NA,111.3,4.9,4.056029519,NA,NA
2532841,Michael Floyd,MIN,WR,28,5,9,2.01,2.01,2.01,NA,102,0.095,0,0,NA,122.7,10.4,7.381761818,NA,NA
2535686,Giorgio Tavecchio,OAK,K,27,5,10,2,2,2,NA,15,0.05,0,0,NA,13.1,3.4,6.349359838,NA,NA
2536340,Justin Tucker,BAL,K,28,5,10,2,2,2,NA,15,0.1,0,0,NA,5.3,2.2,3.633877928,NA,NA
2558127,Josh Malone,CIN,WR,21,0,6,1.96,1.96,1.96,NA,103,0.13,0,0,NA,97.9,6,4.721175979,NA,NA
2540200,Dion Sims,CHI,TE,26,4,9,1.95,1.95,1.95,NA,41,0.14,0,0,NA,39.5,11.4,8.813933801,NA,NA
2500351,Phil Dawson,ARI,K,42,19,8,1.9,1.9,1.9,NA,17,0.05,0,0,NA,20,2.8,4.991618883,NA,NA
2541556,Brandon McManus,DEN,K,26,3,5,1.9,1.9,1.9,NA,17,0.1,0,0,NA,14.5,3.4,6.349359838,NA,NA
2555311,Jerell Adams,NYG,TE,25,1,8,1.88,1.88,1.88,NA,42,0.16,0,0,NA,62,4.3,4.625489041,NA,NA
2558010,John Ross,CIN,WR,NA,0,6,1.87,1.87,1.87,NA,104,0.105,0,0,NA,85.8,10.7,7.563165398,NA,NA
89802,Ryan Succop,TEN,K,31,8,8,1.8,1.8,1.8,NA,19,0,0,0,NA,13.7,3.9,7.480810634,NA,NA
2495473,Shane Vereen,NYG,RB,28,6,8,1.8,1.8,1.8,NA,61,0.14,0,0,NA,56.2,4,4.611521269,NA,NA
2507232,Mason Crosby,GB,K,33,10,8,1.8,1.8,1.8,NA,19,0.05,0,0,NA,19.2,3.3,6.123069679,NA,NA
2533444,Randy Bullock,CIN,K,28,5,6,1.8,1.8,1.8,NA,19,0.1,0,0,NA,24.1,3.2,5.89677952,NA,NA
2550198,Bennie Fowler,DEN,WR,26,3,5,1.79,1.79,1.79,NA,105,0.08,0,0,NA,93,7.2,5.446790299,NA,NA
2556463,Stephen Anderson,HOU,TE,24,1,7,1.74,1.74,1.74,NA,43,0.095,0,0,NA,33,5.3,5.215410838,NA,NA
2556460,Geronimo Allison,GB,WR,23,1,8,1.74,1.74,1.74,NA,106,0.105,0,0,NA,108.1,8.3,6.111936758,NA,NA
2555306,David Morgan,MIN,TE,24,1,9,1.7,1.7,1.7,NA,44,0.115,0,0,NA,46.8,8.1,6.86719187,NA,NA
2507374,Steven Hauschka,BUF,K,NA,NA,6,1.7,1.7,1.7,NA,22,0.05,0,0,NA,16.4,3,5.444199201,NA,NA
2543533,Patrick Murray,TB,K,26,3,1,1.7,1.7,1.7,NA,22,0.15,0,0,NA,21.8,3.1,5.67048936,NA,NA
2557978,James Conner,PIT,RB,22,0,9,1.69,1.69,1.69,NA,62,0.375,0,0,NA,66.9,5.1,5.238917588,NA,NA
2539291,Markus Wheaton,CHI,WR,26,4,9,1.68,1.68,1.68,NA,107,0.095,0,0,NA,117.4,12.5,8.651586878,NA,NA
2553631,Zach Zenner,DET,RB,NA,NA,7,1.63,1.63,1.63,NA,63,0.665,0,0,NA,75.3,3.8,4.497449211,NA,NA
2556521,Kaimi Fairbairn,HOU,K,23,1,7,1.6,1.6,1.6,NA,24,0.1,0,0,NA,22.3,3.7,7.028230315,NA,NA
2539336,Tavon Austin,LAR,WR,26,4,8,1.59,1.59,1.59,NA,108,0.025,0,0,NA,83,9.4,6.777083218,NA,NA
2552403,Nick OLeary,BUF,TE,25,2,6,1.59,1.59,1.59,NA,45,0.02,0,0,NA,41.4,7.5,6.513238792,NA,NA
2495835,Anthony Fasano,MIA,TE,33,11,1,1.58,1.58,1.58,NA,46,0.115,0,0,NA,50.3,4,4.448512502,NA,NA
2555473,Ricardo Louis,CLE,WR,NA,1,9,1.58,1.58,1.58,NA,109,0.165,0,0,NA,85.1,8.5,6.232872478,NA,NA
2556365,Seth DeValve,CLE,TE,24,1,9,1.56,1.56,1.56,NA,47,0.22,0,0,NA,27.3,3.3,4.035567244,NA,NA
2552463,Jaelen Strong,FA,WR,23,2,NA,1.55,1.55,1.55,NA,110,0.335,0,0,NA,NA,NA,NA,NA,NA
2507463,Connor Barth,CHI,K,31,9,9,1.5,1.5,1.5,NA,25,0.1,0,0,NA,24.2,2.2,3.633877928,NA,NA
2556771,Aldrick Rosas,NYG,K,23,1,8,1.5,1.5,1.5,NA,25,0.85,0,0,NA,23.5,3.7,7.028230315,NA,NA
2550313,Richard Rodgers,GB,TE,25,3,8,1.37,1.37,1.37,NA,48,0.235,0,0,NA,43.3,5,5.038434299,NA,NA
2495240,Tyrod Taylor,BUF,QB,28,6,6,1.368,1.368,1.368,NA,29,0.437,0,0,NA,24.9,6.3,14.19963638,NA,NA
2543628,Troy Niklas,ARI,TE,25,3,8,1.31,1.31,1.31,NA,49,0.415,0,0,NA,50.8,4.1,4.507504681,NA,NA
2558178,Zane Gonzalez,CLE,K,NA,0,9,1.3,1.3,1.3,NA,27,1.3,0,0,NA,27.9,0.3,-0.665635095,NA,NA
2555468,Rashard Higgins,CLE,WR,23,1,9,1.28,1.28,1.28,NA,111,0.17,0,0,NA,97.1,6.9,5.265386719,NA,NA
2552470,Sammie Coates,CLE,WR,24,2,9,1.15,1.15,1.15,NA,112,0.1,0,0,NA,109.9,6.6,5.083983139,NA,NA
81306,Brandon Tate,BUF,WR,30,8,6,1.07,1.07,1.07,NA,113,0.1,0,0,NA,121.3,18.9,12.52152992,NA,NA
2540151,Justin Hunter,PIT,WR,26,4,9,1.03,1.03,1.03,NA,114,0.23,0,0,NA,115.5,12.4,8.591119018,NA,NA
284,Darren McFadden,DAL,RB,30,9,6,1,1,1,NA,64,0.1,0,0,NA,66.3,5.8,5.638169791,NA,NA
2555316,Paxton Lynch,DEN,QB,23,1,5,0.974,0.974,0.974,NA,30,0.48,0,0,NA,29.9,1.4,3.775100973,NA,NA
2552402,Nick Boyle,BAL,TE,24,2,10,0.96,0.96,0.96,NA,50,0.28,0,0,NA,41.3,9.5,7.693082386,NA,NA
2552477,Aaron Ripkowski,GB,RB,NA,NA,8,0.93,0.93,0.93,NA,65,0.105,0,0,NA,71.7,5.3,5.352989646,NA,NA
2540145,Cordarrelle Patterson,OAK,WR,26,4,10,0.91,0.91,0.91,NA,115,0.265,0,0,NA,89.2,8.8,6.414276058,NA,NA
2543465,Teddy Bridgewater,MIN,QB,25,3,9,0.888,0.888,0.888,NA,31,0.798,0,0,NA,NA,NA,NA,NA,NA
2555460,Paul Perkins,NYG,RB,23,1,8,0.87,0.87,0.87,NA,66,0.155,0,0,NA,74,2,3.47080069,NA,NA
2495234,Luke Stocker,TB,TE,29,6,1,0.83,0.83,0.83,NA,51,0.31,0,0,NA,59,14,10.34773047,NA,NA
2543770,Charles Sims,TB,RB,27,3,1,0.78,0.78,0.78,NA,67,0.205,0,0,NA,59.4,3.3,4.212269066,NA,NA
2531049,Chris Matthews,BAL,WR,28,4,10,0.69,0.69,0.69,NA,116,0.095,0,0,NA,NA,NA,NA,NA,NA
2543664,Terrance West,BAL,RB,26,3,10,0.65,0.65,0.65,NA,68,0.21,0,0,NA,76.1,6.6,6.094458023,NA,NA
2555215,Leonte Carroo,MIA,WR,23,1,1,0.6,0.6,0.6,NA,117,0.06,0,0,NA,116.8,8.7,6.353808198,NA,NA
2540279,Nick Williams,ATL,WR,27,4,5,0.59,0.59,0.59,NA,118,0.105,0,0,NA,126.5,12.5,8.651586878,NA,NA
2552397,Clive Walford,OAK,TE,26,2,10,0.53,0.53,0.53,NA,52,0.055,0,0,NA,55,6,5.628356096,NA,NA
2507218,Brent Celek,PHI,TE,32,10,10,0.51,0.51,0.51,NA,53,0.13,0,0,NA,42.2,8.8,7.280137128,NA,NA
2495471,Jacquizz Rodgers,TB,RB,27,6,1,0.5,0.5,0.5,NA,69,0.13,0,0,NA,68.9,4.4,4.839665385,NA,NA
80427,Darrius Heyward-Bey,PIT,WR,30,8,9,0.49,0.49,0.49,NA,119,0.025,0,0,NA,121.7,16.7,11.191237,NA,NA
2555466,Tyler Boyd,CIN,WR,23,1,6,0.48,0.48,0.48,NA,120,0.06,0,0,NA,107,12.2,8.470183298,NA,NA
2556814,Max McCaffrey,JAC,WR,23,1,8,0.45,0.45,0.45,NA,121,0.065,0,0,NA,NA,NA,NA,NA,NA
2552478,Blake Bell,MIN,TE,26,2,9,0.44,0.44,0.44,NA,54,0.125,0,0,NA,NA,NA,NA,NA,NA
2558258,Shelton Gibson,PHI,WR,22,0,10,0.39,0.39,0.39,NA,122,0.025,0,0,NA,NA,NA,NA,NA,NA
2543600,Alfred Blue,HOU,RB,26,3,7,0.38,0.38,0.38,NA,70,0.03,0,0,NA,72.9,3.7,4.440413182,NA,NA
2555331,Cody Core,CIN,WR,23,1,6,0.38,0.38,0.38,NA,123,0.03,0,0,NA,NA,NA,NA,NA,NA
2536044,Jamize Olawale,OAK,RB,28,5,10,0.36,0.36,0.36,NA,71,0.045,0,0,NA,76,4.5,4.896701414,NA,NA
2556473,Jace Billingsley,DET,WR,24,1,7,0.35,0.35,0.35,NA,124,0.005,0,0,NA,NA,NA,NA,NA,NA
2557905,Amara Darboh,SEA,WR,23,0,6,0.35,0.35,0.35,NA,124,0.01,0,0,NA,110.1,4.8,3.995561659,NA,NA
497320,Andre Roberts,ATL,WR,29,7,5,0.34,0.34,0.34,NA,126,0.005,0,0,NA,NA,NA,NA,NA,NA
2550658,Branden Oliver,LAC,RB,26,3,9,0.34,0.34,0.34,NA,72,0.055,0,0,NA,77.3,5.4,5.410025675,NA,NA
2556612,Tanner McEvoy,SEA,WR,24,1,6,0.34,0.34,0.34,NA,126,0.015,0,0,NA,113.5,6.7,5.144450999,NA,NA
2554138,Kasen Williams,CLE,WR,NA,2,9,0.33,0.33,0.33,NA,128,0.01,0,0,NA,117.5,6.5,5.023515279,NA,NA
2553454,Geoff Swaim,DAL,TE,NA,NA,6,0.32,0.32,0.32,NA,55,0.02,0,0,NA,58.8,6,5.628356096,NA,NA
2556773,Hunter Sharp,DEN,WR,23,1,5,0.32,0.32,0.32,NA,129,0.015,0,0,NA,NA,NA,NA,NA,NA
2558091,Noah Brown,DAL,WR,NA,0,6,0.32,0.32,0.32,NA,129,0.04,0,0,NA,NA,NA,NA,NA,NA
2552559,C.J. Uzomah,CIN,TE,24,2,6,0.31,0.31,0.31,NA,56,0.02,0,0,NA,53.9,5,5.038434299,NA,NA
2552468,Maxx Williams,BAL,TE,23,2,10,0.29,0.29,0.29,NA,57,0.005,0,0,NA,65.5,16.5,11.82253497,NA,NA
2556528,D.J. Foster,ARI,RB,NA,1,8,0.29,0.29,0.29,NA,73,0.025,0,0,NA,NA,NA,NA,NA,NA
2557886,Jeremy Sprinkle,WAS,TE,23,0,5,0.29,0.29,0.29,NA,58,0.01,0,0,NA,68.5,10.5,8.283004183,NA,NA
2558194,Josh Reynolds,LAR,WR,22,0,8,0.29,0.29,0.29,NA,131,0.04,0,0,NA,125,13.2,9.074861897,NA,NA
2553439,Mike Davis,SEA,RB,24,2,6,0.28,0.28,0.28,NA,74,0.03,0,0,NA,83.6,5.8,5.638169791,NA,NA
2541096,Ifeanyi Momah,ARI,TE,28,4,8,0.28,0.28,0.28,NA,59,0.005,0,0,NA,NA,NA,NA,NA,NA
2558049,Michael Roberts,DET,TE,23,0,7,0.28,0.28,0.28,NA,59,0.015,0,0,NA,NA,NA,NA,NA,NA
2495347,Lee Smith,OAK,TE,30,6,10,0.27,0.27,0.27,NA,61,0.01,0,0,NA,49.8,8.5,7.103160589,NA,NA
2557866,Jehu Chesson,KC,WR,24,0,10,0.27,0.27,0.27,NA,132,0.045,0,0,NA,104.5,13.5,9.256265477,NA,NA
2552396,Ben Koyack,JAC,TE,24,2,8,0.26,0.26,0.26,NA,62,0.005,0,0,NA,50.5,7.5,6.513238792,NA,NA
2555289,Nick Vannett,SEA,TE,NA,1,6,0.26,0.26,0.26,NA,62,0.015,0,0,NA,54,7.1,6.277270073,NA,NA
2508101,James Develin,NE,RB,29,7,9,0.25,0.25,0.25,NA,75,0.01,0,0,NA,69.5,7.5,6.607782284,NA,NA
2558023,Eric Saubert,ATL,TE,23,0,5,0.25,0.25,0.25,NA,64,0.01,0,0,NA,NA,NA,NA,NA,NA
2559163,Justin Davis,LAR,RB,NA,0,8,0.25,0.25,0.25,NA,75,0.03,0,0,NA,82.3,2.3,3.641908777,NA,NA
2543767,Logan Thomas,BUF,TE,26,3,6,0.24,0.24,0.24,NA,65,0.01,0,0,NA,NA,NA,NA,NA,NA
2550521,Xavier Grimble,PIT,TE,25,3,9,0.24,0.24,0.24,NA,65,0.02,0,0,NA,64.3,4.6,4.80246558,NA,NA
2543551,KaDeem Carey,FA,RB,25,3,NA,0.23,0.23,0.23,NA,77,0.02,0,0,NA,NA,NA,NA,NA,NA
2535988,Brittan Golden,ARI,WR,29,5,8,0.23,0.23,0.23,NA,133,0.015,0,0,NA,NA,NA,NA,NA,NA
2534241,Derek Carrier,LAR,TE,27,5,8,0.22,0.22,0.22,NA,67,0.005,0,0,NA,65.5,5.5,5.333395197,NA,NA
2540259,MarQueis Gray,MIA,TE,27,4,1,0.22,0.22,0.22,NA,67,0.01,0,0,NA,69.5,6.5,5.923316995,NA,NA
2553606,Jordan Taylor,DEN,WR,25,2,5,0.22,0.22,0.22,NA,134,0.02,0,0,NA,115,1,1.69778298,NA,NA
2495211,Niles Paul,WAS,TE,28,6,5,0.21,0.21,0.21,NA,69,0.01,0,0,NA,NA,NA,NA,NA,NA
2552654,Geremy Davis,FA,WR,25,2,NA,0.21,0.21,0.21,NA,135,0.025,0,0,NA,NA,NA,NA,NA,NA
2554630,Ross Travis,KC,TE,24,2,10,0.21,0.21,0.21,NA,69,0.035,0,0,NA,55.8,7.8,6.690215331,NA,NA
2539303,Zach Line,NO,RB,27,4,5,0.21,0.21,0.21,NA,78,0.02,0,0,NA,75.3,6.9,6.26556611,NA,NA
2558112,Brian Hill,CIN,RB,22,0,6,0.21,0.21,0.21,NA,78,0.04,0,0,NA,NA,NA,NA,NA,NA
2550206,Ryan Hewitt,CIN,TE,26,3,6,0.19,0.19,0.19,NA,71,0.035,0,0,NA,NA,NA,NA,NA,NA
2557960,Ryan Switzer,DAL,WR,23,0,6,0.19,0.19,0.19,NA,136,0.02,0,0,NA,119.6,6.3,4.902579559,NA,NA
2556190,Jakeem Grant,MIA,WR,25,1,1,0.18,0.18,0.18,NA,137,0.02,0,0,NA,NA,NA,NA,NA,NA
2539980,Kerwynn Williams,ARI,RB,26,4,8,0.17,0.17,0.17,NA,80,0.005,0,0,NA,71.9,4.3,4.782629356,NA,NA
2550289,David Fluellen,TEN,RB,25,3,8,0.17,0.17,0.17,NA,80,0.01,0,0,NA,NA,NA,NA,NA,NA
2535943,Sean McGrath,LAC,TE,30,5,9,0.16,0.16,0.16,NA,72,0.015,0,0,NA,NA,NA,NA,NA,NA
2543750,Jeff Janis,GB,WR,26,3,8,0.16,0.16,0.16,NA,138,0.02,0,0,NA,NA,NA,NA,NA,NA
2555413,Trevor Davis,GB,WR,24,1,8,0.16,0.16,0.16,NA,138,0.055,0,0,NA,123.7,4.2,3.632754499,NA,NA
2557987,Matthew Dayes,CLE,RB,NA,0,9,0.16,0.16,0.16,NA,82,0.005,0,0,NA,NA,NA,NA,NA,NA
2553660,Akeem Hunt,KC,RB,24,2,10,0.16,0.16,0.16,NA,83,0.01,0,0,NA,94,20,13.73728591,NA,NA
2530763,Patrick DiMarco,BUF,RB,28,6,6,0.15,0.15,0.15,NA,84,0.015,0,0,NA,79.3,6.5,6.037421994,NA,NA
2552660,Randall Telfer,CLE,TE,25,2,9,0.15,0.15,0.15,NA,73,0.015,0,0,NA,NA,NA,NA,NA,NA
2555220,Derek Watt,LAC,RB,25,1,9,0.15,0.15,0.15,NA,84,0.04,0,0,NA,80,1,2.9004404,NA,NA
2540203,Levine Toilolo,ATL,TE,26,4,5,0.14,0.14,0.14,NA,74,0.01,0,0,NA,47.9,7.3,6.395254432,NA,NA
2535535,Phillip Supernaw,TEN,TE,27,5,8,0.13,0.13,0.13,NA,75,0.02,0,0,NA,NA,NA,NA,NA,NA
2553318,James OShaughnessy,FA,TE,NA,NA,NA,0.13,0.13,0.13,NA,75,0.085,0,0,NA,NA,NA,NA,NA,NA
2495340,Anthony Sherman,KC,RB,29,6,10,0.12,0.12,0.12,NA,86,0.02,0,0,NA,NA,NA,NA,NA,NA
2558129,Isaiah McKenzie,DEN,WR,22,0,5,0.12,0.12,0.12,NA,140,0.06,0,0,NA,126.8,9.8,7.018954658,NA,NA
81294,Brian Hoyer,NE,QB,32,8,9,0.1,0.1,0.1,NA,32,0.029,0,0,NA,NA,NA,NA,NA,NA
2555432,Andy Janovich,DEN,RB,24,1,5,0.1,0.1,0.1,NA,87,0.005,0,0,NA,85.7,3.1,4.098197008,NA,NA
2552636,Michael Burton,DET,RB,25,2,7,0.1,0.1,0.1,NA,88,0.01,0,0,NA,NA,NA,NA,NA,NA
2539289,Kenjon Barner,PHI,RB,28,4,10,0.09,0.09,0.09,NA,89,2.78E-17,0,0,NA,81.3,23.4,15.67651089,NA,NA
497270,Arrelious Benn,JAC,WR,29,7,8,0.09,0.09,0.09,NA,141,0.065,0,0,NA,99,8.5,6.232872478,NA,NA
2555218,Dan Vitale,CLE,RB,NA,1,9,0.09,0.09,0.09,NA,90,0.005,0,0,NA,NA,NA,NA,NA,NA
2556478,Ben Braunecker,CHI,TE,23,1,9,0.09,0.09,0.09,NA,77,0.09,0,0,NA,NA,NA,NA,NA,NA
2543695,Jay Prosch,HOU,RB,25,3,7,0.09,0.09,0.09,NA,91,0.02,0,0,NA,84,7.8,6.778890371,NA,NA
2507282,Matt Moore,MIA,QB,33,10,1,0.08,0.08,0.08,NA,33,0.021,0,0,NA,NA,NA,NA,NA,NA
2552464,Jalston Fowler,TEN,RB,NA,NA,8,0.08,0.08,0.08,NA,92,0.04,0,0,NA,87,1,2.9004404,NA,NA
2539228,EJ Manuel,OAK,QB,27,4,10,0.062,0.062,0.062,NA,34,0.008,0,0,NA,NA,NA,NA,NA,NA
2550400,Keith Smith,DAL,RB,25,3,6,0.06,0.06,0.06,NA,93,0.05,0,0,NA,NA,NA,NA,NA,NA
2532842,Nick Foles,PHI,QB,28,5,10,0.056,0.056,0.056,NA,35,0.006,0,0,NA,NA,NA,NA,NA,NA
2506562,Matt Cassel,TEN,QB,35,12,8,0.052,0.052,0.052,NA,36,0.004,0,0,NA,NA,NA,NA,NA,NA
2495748,Drew Stanton,ARI,QB,33,10,8,0.048,0.048,0.048,NA,37,0.002,0,0,NA,28.9,1.6,4.200592214,NA,NA
2543497,AJ McCarron,CIN,QB,27,3,6,0.048,0.048,0.048,NA,37,0.006,0,0,NA,NA,NA,NA,NA,NA
2539275,Mike Glennon,CHI,QB,28,4,9,0.044,0.044,0.044,NA,39,0.01,0,0,NA,NA,NA,NA,NA,NA
2495443,Ryan Mallett,BAL,QB,29,6,10,0.04,0.04,0.04,NA,40,0.012,0,0,NA,NA,NA,NA,NA,NA
2552431,Vince Mayle,BAL,WR,NA,NA,10,0.03,0.03,0.03,NA,142,0.02,0,0,NA,NA,NA,NA,NA,NA
2505982,Matt Schaub,ATL,QB,36,13,5,0.028,0.028,0.028,NA,41,0.006,0,0,NA,NA,NA,NA,NA,NA
2539287,Landry Jones,PIT,QB,28,4,9,0.028,0.028,0.028,NA,41,0.014,0,0,NA,NA,NA,NA,NA,NA
2507029,Eric Weems,TEN,WR,32,10,8,0.02,0.02,0.02,NA,143,0.02,0,0,NA,NA,NA,NA,NA,NA
2550235,Roosevelt Nix,PIT,RB,NA,NA,9,0.02,0.02,0.02,NA,94,0.02,0,0,NA,89.5,13.5,10.02994402,NA,NA
2508123,T.J. Yates,HOU,QB,30,6,7,0.016,0.016,0.016,NA,43,0.004,0,0,NA,NA,NA,NA,NA,NA
497123,Colt McCoy,WAS,QB,31,7,5,0.012,0.012,0.012,NA,44,0.002,0,0,NA,NA,NA,NA,NA,NA
2533349,Austin Davis,SEA,QB,28,5,6,0.012,0.012,0.012,NA,44,0.004,0,0,NA,NA,NA,NA,NA,NA
2506895,Kellen Clemens,LAC,QB,34,11,9,0.008,0.008,0.008,NA,46,0.002,0,0,NA,31.2,1.3,3.562355352,NA,NA
2539335,Geno Smith,NYG,QB,27,4,8,0.008,0.008,0.008,NA,46,0.004,0,0,NA,NA,NA,NA,NA,NA
252,Chad Henne,JAC,QB,32,9,8,0.004,0.004,0.004,NA,48,0,0,0,NA,NA,NA,NA,NA,NA
81284,Chase Daniel,NO,QB,31,8,5,0.004,0.004,0.004,NA,48,0,0,0,NA,NA,NA,NA,NA,NA
2552576,Sean Mannion,LAR,QB,25,2,8,0.004,0.004,0.004,NA,48,0,0,0,NA,NA,NA,NA,NA,NA
2556232,Jake Rudock,DET,QB,24,1,7,0.004,0.004,0.004,NA,48,0,0,0,NA,NA,NA,NA,NA,NA
2556492,Joe Callahan,GB,QB,24,1,8,0.004,0.004,0.004,NA,48,3.30E-17,0,0,NA,NA,NA,NA,NA,NA
2559242,Cooper Rush,DAL,QB,NA,0,6,0.004,0.004,0.004,NA,48,0.002,0,0,NA,NA,NA,NA,NA,NA
2555387,Cody Kessler,CLE,QB,24,1,9,0.004,0.004,0.004,NA,54,0.004,0,0,NA,31.3,1.7,4.413337834,NA,NA
264,Josh Johnson,HOU,QB,31,9,7,0,0,0,NA,55,0,0,0,NA,NA,NA,NA,NA,NA
79629,Cedric Peerman,CIN,RB,31,8,6,0,0,0,NA,95,0,0,0,NA,NA,NA,NA,NA,NA
79858,Mark Sanchez,CHI,QB,31,8,9,0,0,0,NA,55,0,0,0,NA,NA,NA,NA,NA,NA
497204,C.J. Spiller,KC,RB,30,7,10,0,0,0,NA,95,0,0,0,NA,NA,NA,NA,NA,NA
1037347,Joe Webb,BUF,QB,31,7,6,0,0,0,NA,55,0,0,0,NA,NA,NA,NA,NA,NA
2495470,Stevan Ridley,FA,RB,28,6,NA,0,0,0,NA,95,0,0,0,NA,NA,NA,NA,NA,NA
2504162,Shayne Graham,FA,K,NA,NA,NA,0,0,0,NA,28,0,0,0,NA,NA,NA,NA,NA,NA
2504257,Sebastian Janikowski,OAK,K,39,17,10,0,0,0,NA,28,0,0,0,NA,NA,NA,NA,NA,NA
2506147,John Kuhn,FA,RB,35,11,NA,0,0,0,NA,95,0,0,0,NA,NA,NA,NA,NA,NA
2507225,Nick Folk,FA,K,33,10,NA,0,0,0,NA,28,0,0,0,NA,NA,NA,NA,NA,NA
2507883,Jeff Cumberland,FA,TE,30,7,NA,0,0,0,NA,78,0,0,0,NA,NA,NA,NA,NA,NA
2532917,Kellen Moore,FA,QB,28,5,NA,0,0,0,NA,55,0,0,0,NA,NA,NA,NA,NA,NA
2532970,Brandon Weeden,TEN,QB,34,5,8,0,0,0,NA,55,0,0,0,NA,NA,NA,NA,NA,NA
2534571,Bobby Rainey,BAL,RB,30,5,10,0,0,0,NA,95,0,0,0,NA,NA,NA,NA,NA,NA
2534870,Alex Tanney,FA,QB,30,5,NA,0,0,0,NA,55,0,0,0,NA,NA,NA,NA,NA,NA
2534871,Derrick Coleman,ATL,RB,27,5,5,0,0,0,NA,95,0,0,0,NA,83.9,5,5.181881559,NA,NA
2534889,Matt Simms,FA,QB,29,5,NA,0,0,0,NA,55,0,0,0,NA,NA,NA,NA,NA,NA
2535696,Joe Banyard,BUF,RB,29,5,6,0,0,0,NA,95,0,0,0,NA,NA,NA,NA,NA,NA
2535876,Griff Whalen,FA,WR,27,5,NA,0,0,0,NA,144,0,0,0,NA,NA,NA,NA,NA,NA
2535890,Travaris Cadet,BUF,RB,28,5,6,0,0,0,NA,95,0,0,0,NA,83.5,10.5,8.318863153,NA,NA
2539961,Ryan Nassib,FA,QB,27,4,NA,0,0,0,NA,55,0,0,0,NA,NA,NA,NA,NA,NA
2540211,Gavin Escobar,BAL,TE,26,4,10,0,0,0,NA,78,0,0,0,NA,65.5,1.5,2.973708009,NA,NA
2540224,Mike James,DET,RB,26,4,7,0,0,0,NA,95,0,0,0,NA,NA,NA,NA,NA,NA
2540225,Tommy Bohanon,JAC,RB,27,4,8,0,0,0,NA,95,0,0,0,NA,80.7,4.3,4.782629356,NA,NA
2541185,Ryan Griffin,TB,QB,28,4,1,0,0,0,NA,55,0,0,0,NA,NA,NA,NA,NA,NA
2541910,George Winn,NYG,RB,27,4,8,0,0,0,NA,95,0,0,0,NA,NA,NA,NA,NA,NA
2542060,Jordan Gay,FA,K,NA,NA,NA,0,0,0,NA,28,0,0,0,NA,NA,NA,NA,NA,NA
2542065,Matt McGloin,FA,QB,28,4,NA,0,0,0,NA,55,0,0,0,NA,NA,NA,NA,NA,NA
2543565,Andre Williams,LAC,RB,25,3,9,0,0,0,NA,95,0,0,0,NA,84,6,5.752241849,NA,NA
2543655,Tyler Gaffney,JAC,RB,26,3,8,0,0,0,NA,95,0,0,0,NA,NA,NA,NA,NA,NA
2543682,Bishop Sankey,MIN,RB,25,3,9,0,0,0,NA,95,0,0,0,NA,NA,NA,NA,NA,NA
2543751,David Fales,MIA,QB,27,3,1,0,0,0,NA,55,0,0,0,NA,NA,NA,NA,NA,NA
2543774,Jared Abbrederis,FA,WR,27,3,NA,0,0,0,NA,144,0,0,0,NA,NA,NA,NA,NA,NA
2543781,Zach Hocker,FA,K,26,3,NA,0,0,0,NA,28,0,0,0,NA,NA,NA,NA,NA,NA
2550223,Freddie Martino,TB,WR,26,3,1,0,0,0,NA,144,0,0,0,NA,NA,NA,NA,NA,NA
2550252,Connor Shaw,FA,QB,26,3,NA,0,0,0,NA,55,0,0,0,NA,NA,NA,NA,NA,NA
2550546,Philly Brown,FA,WR,26,3,NA,0,0,0,NA,144,0,0,0,NA,NA,NA,NA,NA,NA
2550608,RaShaun Allen,SEA,TE,27,3,6,0,0,0,NA,78,0,0,0,NA,NA,NA,NA,NA,NA
2550633,Senorise Perry,MIA,RB,26,3,1,0,0,0,NA,95,0,0,0,NA,NA,NA,NA,NA,NA
2552425,Rashad Greene,JAC,WR,25,2,8,0,0,0,NA,144,0,0,0,NA,NA,NA,NA,NA,NA
2553112,Jason Myers,FA,K,NA,NA,NA,0,0,0,NA,28,0,0,0,NA,NA,NA,NA,NA,NA
2553457,Trevor Siemian,DEN,QB,NA,NA,5,0,0,0,NA,55,0,0,0,NA,33.2,1.4,3.775100973,NA,NA
2553617,Terrell Watson,PIT,RB,24,2,9,0,0,0,NA,95,0,0,0,NA,90,17,12.02620504,NA,NA
2553648,Andrew Franks,FA,K,24,2,NA,0,0,0,NA,28,0,0,0,NA,NA,NA,NA,NA,NA
2553668,Jordan Leslie,CLE,WR,NA,NA,9,0,0,0,NA,144,0,0,0,NA,NA,NA,NA,NA,NA
2555227,Jonathan Williams,NO,RB,23,1,5,0,0,0,NA,95,0,0,0,NA,NA,NA,NA,NA,NA
2555262,Jeff Driskel,CIN,QB,24,1,6,0,0,0,NA,55,0,0,0,NA,NA,NA,NA,NA,NA
2555263,Kevin Hogan,CLE,QB,25,1,9,0,0,0,NA,55,0,0,0,NA,NA,NA,NA,NA,NA
2555332,Connor Cook,OAK,QB,24,1,10,0,0,0,NA,55,0,0,0,NA,NA,NA,NA,NA,NA
2555365,Brandon Allen,LAR,QB,25,1,8,0,0,0,NA,55,0,0,0,NA,NA,NA,NA,NA,NA
2555426,Cardale Jones,LAC,QB,25,1,9,0,0,0,NA,55,0,0,0,NA,NA,NA,NA,NA,NA
2555427,Nate Sudfeld,PHI,QB,24,1,10,0,0,0,NA,55,0,0,0,NA,NA,NA,NA,NA,NA
2555459,Keith Marshall,WAS,RB,23,1,5,0,0,0,NA,95,0,0,0,NA,NA,NA,NA,NA,NA
2556185,Devin Lucien,FA,WR,24,1,NA,0,0,0,NA,144,0,0,0,NA,NA,NA,NA,NA,NA
2556415,Joe Kerridge,GB,RB,25,1,8,0,0,0,NA,95,0,0,0,NA,NA,NA,NA,NA,NA
2556508,Alan Cross,TB,TE,24,1,1,0,0,0,NA,78,NA,0,0,NA,NA,NA,NA,NA,NA
2556569,Andy Jones,FA,WR,NA,1,NA,0,0,0,NA,144,0,0,0,NA,NA,NA,NA,NA,NA
2556577,Marshall Koehn,FA,K,25,1,NA,0,0,0,NA,28,0,0,0,NA,NA,NA,NA,NA,NA
2556676,Rashawn Scott,MIA,WR,25,1,1,0,0,0,NA,144,0,0,0,NA,NA,NA,NA,NA,NA
2556762,Elijhaa Penny,ARI,RB,24,1,8,0,0,0,NA,95,0,0,0,NA,NA,NA,NA,NA,NA
2556803,C.J. Ham,MIN,RB,24,1,9,0,0,0,NA,95,NA,0,0,NA,NA,NA,NA,NA,NA
2556827,Dom Williams,PHI,WR,27,1,10,0,0,0,NA,144,0,0,0,NA,NA,NA,NA,NA,NA
2557896,Stacy Coley,MIN,WR,NA,0,9,0,0,0,NA,144,0.075,0,0,NA,NA,NA,NA,NA,NA
2557897,Davis Webb,NYG,QB,22,0,8,0,0,0,NA,55,0,0,0,NA,NA,NA,NA,NA,NA
2558047,Rodney Adams,MIN,WR,23,0,9,0,0,0,NA,144,0.15,0,0,NA,NA,NA,NA,NA,NA
2558167,Joshua Dobbs,PIT,QB,22,0,9,0,0,0,NA,55,NA,0,0,NA,NA,NA,NA,NA,NA
2559205,Younghoe Koo,FA,K,23,0,NA,0,0,0,NA,28,NA,0,0,NA,NA,NA,NA,NA,NA
2556841,Byron Marshall,WAS,WR,23,1,5,-0.15,-0.15,-0.15,NA,156,NA,0,0,NA,NA,NA,NA,NA,NA
